"id" "v1" "v2" "decision" "rt"
"10_1" 4 2 2 3173
"10_2" 3 2 2 1496
"10_3" 5 10 1 802
"10_4" 6 6 1 1600
"10_5" 6 7 1 1219
"10_9" 6 2 2 2169
"10_10" 3 3 2 1678
"10_11" 6 5 2 1057
"10_16" 5 8 1 760
"10_17" 6 8 2 875
"10_18" 4 6 1 1356
"10_19" 2 6 1 1174
"10_20" 9 9 1 5226
"10_22" 1 5 1 917
"10_23" 4 3 2 999
"10_24" 2 2 1 3024
"10_25" 4 3 2 3151
"10_26" 1 2 2 3109
"10_27" 6 8 2 1661
"10_28" 2 5 1 1423
"10_29" 8 3 2 1097
"10_30" 10 5 2 1254
"10_31" 2 4 1 1259
"10_32" 8 7 1 1319
"10_33" 3 3 2 2094
"10_34" 2 7 1 1100
"10_35" 4 7 1 1797
"10_36" 4 9 1 974
"10_38" 3 2 1 856
"10_39" 6 5 2 1336
"10_40" 3 2 2 7554
"10_41" 10 5 2 999
"10_42" 5 1 2 1078
"10_43" 9 6 2 977
"10_44" 6 6 1 1117
"10_45" 10 9 1 959
"10_46" 5 2 1 315
"10_47" 4 3 2 1981
"10_48" 3 4 1 798
"10_49" 7 2 2 657
"10_50" 5 8 1 1240
"10_51" 10 5 2 518
"10_52" 7 2 2 818
"10_53" 4 3 2 3725
"10_54" 6 2 2 918
"10_55" 4 7 1 1660
"10_56" 3 6 1 560
"10_57" 9 4 2 1193
"10_58" 1 3 1 1577
"10_59" 2 7 1 1555
"10_60" 3 7 1 698
"10_61" 6 8 2 817
"10_62" 8 6 2 6417
"10_63" 1 3 1 837
"10_64" 9 4 2 561
"10_65" 1 3 1 700
"10_66" 6 4 2 1296
"10_67" 1 4 1 441
"10_68" 2 6 1 1036
"10_69" 5 3 2 757
"10_70" 6 9 1 997
"10_71" 6 10 1 621
"10_72" 2 6 1 419
"10_73" 4 9 1 717
"10_74" 4 9 1 1632
"10_75" 6 10 1 896
"10_76" 6 10 1 239
"10_77" 6 8 1 856
"10_78" 2 1 2 1195
"10_79" 7 3 2 672
"10_80" 2 4 2 1685
"10_81" 2 6 1 877
"10_82" 4 6 1 718
"10_83" 9 10 1 3648
"10_84" 4 5 1 996
"10_85" 1 3 1 3868
"10_86" 4 3 1 837
"10_87" 10 10 2 2033
"10_88" 2 6 1 539
"10_89" 2 2 1 1275
"10_90" 3 6 1 736
"10_91" 5 4 1 2032
"10_92" 6 3 2 658
"10_93" 2 4 2 1522
"10_94" 4 4 1 640
"10_95" 4 1 2 558
"10_96" 5 5 1 1833
"10_97" 1 5 1 674
"10_98" 8 10 1 539
"10_99" 4 3 1 638
"10_100" 2 2 2 716
"11_1" 5 2 2 1477
"11_2" 9 8 2 1262
"11_3" 7 10 1 1849
"11_4" 8 2 2 4134
"11_5" 0 5 2 2668
"11_6" 8 8 2 3906
"11_7" 9 3 2 2185
"11_8" 2 7 1 1475
"11_9" 7 5 2 2842
"11_10" 10 7 2 1037
"11_11" 2 2 1 1591
"11_12" 2 7 2 1537
"11_13" 8 9 1 1454
"11_14" 4 9 1 2511
"11_15" 2 7 1 1493
"11_16" 1 2 2 1635
"11_17" 10 3 2 897
"11_18" 8 10 2 916
"11_19" 9 3 1 2451
"11_20" 2 8 1 1701
"11_21" 8 10 2 797
"11_22" 8 10 2 1181
"11_23" 8 1 2 1276
"11_24" 2 9 1 956
"11_25" 3 1 2 797
"11_26" 8 10 1 1196
"11_27" 10 7 2 1693
"11_28" 2 0 2 1337
"11_29" 8 1 1 4597
"11_30" 10 10 1 1935
"11_31" 10 10 1 1254
"11_32" 1 3 1 2374
"11_33" 8 10 1 718
"11_34" 8 5 1 2353
"11_35" 2 8 1 3987
"11_36" 9 5 2 1158
"11_37" 5 9 1 1214
"11_38" 0 7 2 4119
"11_39" 8 9 1 1160
"11_40" 8 8 2 1954
"11_41" 5 8 2 972
"11_42" 4 8 1 1337
"11_43" 9 7 2 719
"11_44" 5 8 2 837
"11_45" 1 5 1 1521
"11_46" 4 10 2 1116
"11_47" 3 5 1 1714
"11_48" 7 9 1 799
"11_49" 7 2 2 1115
"11_50" 5 8 2 860
"11_51" 0 3 1 3387
"11_52" 2 7 1 1992
"11_53" 8 2 2 1016
"11_54" 9 10 1 996
"11_55" 4 8 1 873
"11_56" 2 0 2 1099
"11_57" 4 8 2 770
"11_58" 0 3 2 935
"11_59" 9 8 2 640
"11_60" 2 5 2 1156
"11_61" 7 8 1 934
"11_62" 4 10 2 935
"11_63" 8 8 2 619
"11_64" 10 9 2 1135
"11_65" 6 0 1 1387
"11_66" 8 1 2 1954
"11_67" 1 5 1 1176
"11_68" 0 5 1 2211
"11_69" 1 5 1 897
"11_70" 7 4 2 2028
"11_71" 4 2 2 1059
"11_72" 8 2 2 913
"11_73" 7 7 1 1073
"11_74" 2 1 1 1674
"11_75" 4 10 1 718
"11_76" 8 8 2 1194
"11_77" 0 6 2 1316
"11_78" 9 10 2 274
"11_79" 8 5 2 760
"11_80" 2 9 1 515
"11_81" 2 1 2 1378
"11_82" 9 6 2 1178
"11_83" 2 8 1 896
"11_84" 10 5 1 826
"11_86" 10 7 2 588
"11_87" 8 2 2 762
"11_88" 3 10 1 517
"11_89" 0 0 2 1139
"11_90" 8 7 1 723
"11_91" 8 4 2 1282
"11_92" 6 10 1 459
"11_93" 4 5 1 738
"11_94" 8 1 2 579
"11_95" 8 9 1 897
"11_96" 1 1 1 1160
"11_97" 4 2 1 560
"11_98" 10 6 2 376
"11_99" 10 8 2 537
"11_100" 3 1 1 1292
"13_1" 1 2 1 3547
"13_2" 2 0 2 2611
"13_3" 2 3 2 6158
"13_4" 1 0 2 1913
"13_5" 2 2 1 11140
"13_6" 4 1 2 4184
"13_7" 0 0 1 8032
"13_8" 1 3 1 4067
"13_9" 3 2 2 3186
"13_10" 0 2 1 1813
"13_11" 1 4 1 2112
"13_12" 4 2 2 9268
"13_13" 1 3 1 1912
"13_14" 2 0 2 4958
"13_15" 3 0 2 4005
"13_16" 5 2 2 4166
"13_17" 2 3 1 1495
"13_18" 2 1 1 8829
"13_19" 2 4 1 2213
"13_20" 2 0 2 3064
"13_21" 5 0 2 7077
"13_22" 2 3 1 3108
"13_23" 3 2 1 9664
"13_24" 3 0 2 4405
"13_25" 4 3 2 4923
"13_26" 4 1 2 2871
"13_27" 1 3 1 2710
"13_28" 3 0 2 8131
"13_29" 1 5 1 2551
"13_30" 0 0 1 8052
"13_31" 3 1 2 4546
"13_32" 2 1 1 4963
"13_33" 4 4 1 14572
"13_34" 1 4 2 4921
"13_35" 1 2 1 10450
"13_36" 0 0 2 4522
"13_37" 2 0 2 6756
"13_38" 4 3 2 9303
"13_39" 2 2 1 4801
"13_40" 2 0 2 2672
"13_41" 0 1 2 2012
"13_42" 6 2 2 4368
"13_43" 4 1 2 5259
"13_44" 2 2 1 2830
"13_45" 3 2 2 3328
"13_46" 1 0 2 4248
"13_47" 2 2 1 8892
"13_48" 1 3 1 1406
"13_49" 1 2 1 3905
"13_50" 5 3 2 10134
"13_51" 0 1 1 5238
"13_52" 2 4 1 1337
"13_53" 2 1 1 2231
"13_54" 2 5 1 1855
"13_55" 1 1 1 1932
"13_56" 2 2 1 5145
"13_57" 5 4 2 10903
"13_58" 1 0 2 1691
"13_59" 2 3 2 1915
"13_60" 4 0 2 1673
"13_61" 1 3 1 8711
"13_62" 0 0 2 677
"13_63" 3 2 2 6388
"13_64" 2 0 2 1845
"13_65" 4 2 2 7540
"13_66" 2 0 1 1696
"13_67" 4 5 1 9429
"13_68" 2 0 2 2172
"13_69" 0 4 1 1078
"13_70" 0 3 1 1357
"13_71" 3 0 2 1658
"13_72" 2 0 1 1793
"13_73" 2 4 1 1301
"13_74" 1 3 1 1893
"13_75" 2 1 2 2215
"13_76" 5 6 2 3369
"13_77" 2 0 2 3388
"13_78" 1 1 2 3590
"13_79" 0 2 2 1414
"13_80" 1 4 1 782
"13_81" 2 1 2 1995
"13_82" 4 0 1 4780
"13_83" 5 0 2 1137
"13_84" 2 3 1 8199
"13_85" 0 1 2 1915
"13_86" 4 2 2 1794
"13_87" 3 2 2 3307
"13_88" 1 0 2 1536
"13_89" 1 0 2 6917
"13_90" 5 1 2 2630
"13_91" 0 1 1 1476
"13_92" 4 3 2 1952
"13_93" 2 3 1 1795
"13_94" 2 0 2 1434
"13_95" 2 1 2 1413
"13_96" 5 6 1 1276
"13_97" 0 4 1 2077
"13_98" 2 1 2 5023
"13_99" 3 0 2 1796
"13_100" 0 2 2 1772
"14_1" 2 0 2 1136
"14_2" 2 4 1 1634
"14_3" 1 5 2 1042
"14_4" 5 1 2 557
"14_5" 6 2 2 1059
"14_6" 4 2 2 440
"14_7" 2 4 1 1137
"14_8" 0 1 2 2474
"14_9" 0 2 2 1513
"14_10" 2 0 2 3603
"14_11" 4 5 1 1296
"14_13" 0 4 1 1335
"14_14" 0 5 1 877
"14_15" 2 3 1 472
"14_16" 2 4 1 1039
"14_17" 2 6 1 977
"14_18" 5 3 2 1201
"14_19" 3 2 1 458
"14_20" 1 1 1 1815
"14_21" 2 0 2 1692
"14_22" 3 4 2 1913
"14_23" 3 2 2 1016
"14_24" 6 6 1 816
"14_25" 1 0 1 1696
"14_26" 1 3 1 1316
"14_27" 1 3 2 1337
"14_28" 1 0 2 1555
"14_29" 5 3 2 1256
"14_30" 0 2 2 637
"14_31" 1 3 1 1574
"14_32" 2 4 1 757
"14_33" 3 3 2 1653
"14_34" 3 0 2 1575
"14_35" 3 1 2 1755
"14_36" 5 2 2 1773
"14_37" 1 4 2 1396
"14_38" 4 5 1 1355
"14_39" 2 1 1 1017
"14_40" 0 4 1 1774
"14_41" 0 2 1 617
"14_42" 4 1 1 758
"14_43" 5 0 2 539
"14_44" 5 2 2 541
"14_45" 3 0 2 778
"14_46" 1 5 1 578
"14_47" 0 0 2 1194
"14_48" 0 3 1 636
"14_49" 2 1 2 1853
"14_50" 2 0 2 698
"14_51" 0 1 1 738
"14_52" 5 0 2 1910
"14_53" 1 3 1 1297
"14_54" 0 4 2 1854
"14_55" 0 0 1 354
"14_58" 1 3 1 835
"14_59" 2 3 1 579
"14_61" 2 4 1 636
"14_62" 3 2 1 1198
"14_63" 3 0 1 1295
"14_64" 3 3 2 1175
"14_65" 0 1 1 659
"14_66" 4 0 2 1176
"14_67" 3 5 1 516
"14_68" 3 4 2 1432
"14_69" 3 3 2 1177
"14_70" 1 4 2 1294
"14_71" 3 2 2 1235
"14_72" 0 3 2 419
"14_73" 0 1 2 853
"14_74" 1 5 1 280
"14_75" 4 3 1 936
"14_76" 5 2 1 995
"14_77" 0 2 2 899
"14_82" 5 3 2 712
"14_83" 3 1 2 896
"14_84" 0 0 1 940
"14_85" 1 2 2 1709
"14_87" 2 0 2 518
"14_88" 4 3 1 1233
"14_90" 2 2 2 1735
"14_91" 5 3 2 638
"14_92" 2 0 1 1177
"14_93" 3 8 2 198
"14_94" 0 4 1 1754
"14_96" 1 2 1 1796
"14_98" 2 5 1 557
"14_99" 3 2 1 503
"14_100" 3 0 1 1455
"16_1" 5 5 1 935
"16_2" 7 8 1 738
"16_3" 5 2 2 878
"16_4" 0 2 1 1427
"16_5" 2 6 2 2146
"16_6" 5 2 1 2531
"16_7" 6 5 1 1195
"16_8" 5 6 1 2046
"16_9" 3 6 1 1119
"16_10" 5 6 1 3323
"16_11" 8 6 1 1475
"16_12" 10 6 2 899
"16_13" 3 8 1 858
"16_14" 9 10 1 533
"16_15" 8 4 1 937
"16_16" 6 3 2 725
"16_17" 9 9 2 1495
"16_18" 3 5 1 4362
"16_19" 5 10 1 380
"16_20" 5 2 2 5498
"16_21" 5 10 1 354
"16_22" 9 6 2 877
"16_23" 5 8 1 718
"16_24" 9 7 1 1016
"16_25" 5 8 1 1035
"16_26" 6 3 2 1134
"16_27" 10 9 2 470
"16_28" 6 3 2 1312
"16_29" 10 6 2 419
"16_30" 6 8 1 373
"16_31" 2 7 1 1196
"16_32" 2 3 2 998
"16_33" 2 4 1 693
"16_34" 6 9 1 1874
"16_35" 6 8 1 1059
"16_36" 5 5 2 2012
"16_37" 4 5 2 768
"16_38" 3 2 2 1037
"16_39" 2 6 2 1349
"16_40" 3 6 1 2270
"16_41" 6 7 2 2150
"16_42" 5 5 1 2592
"16_43" 2 2 2 2709
"16_44" 10 7 2 1248
"16_45" 9 8 2 1296
"16_46" 5 6 1 2055
"16_47" 9 6 2 4798
"16_48" 6 5 2 980
"16_49" 7 2 2 629
"16_50" 6 2 1 990
"16_51" 6 10 1 572
"16_52" 5 3 1 898
"16_53" 6 6 2 677
"16_54" 8 8 1 1834
"16_55" 6 9 1 1195
"16_56" 8 5 2 897
"16_57" 7 9 1 2773
"16_58" 3 7 1 1009
"16_59" 2 5 1 994
"16_60" 9 8 2 835
"16_61" 2 6 1 1911
"16_62" 9 6 1 1054
"16_63" 5 5 1 658
"16_64" 6 9 1 1434
"16_65" 5 0 2 838
"16_66" 6 7 1 1275
"16_67" 5 9 1 857
"16_68" 8 10 1 1156
"16_69" 7 10 1 1016
"16_70" 7 6 1 1312
"16_71" 5 8 1 3466
"16_72" 0 2 1 931
"16_73" 8 4 2 897
"16_74" 9 6 2 889
"16_75" 5 0 2 1655
"16_76" 8 10 1 717
"16_77" 2 2 1 1714
"16_78" 3 6 1 2111
"16_79" 6 5 2 1635
"16_80" 5 10 1 632
"16_81" 6 10 1 957
"16_82" 6 10 1 5041
"16_83" 6 10 1 977
"16_84" 7 6 2 877
"16_85" 10 5 2 518
"16_86" 5 0 2 1376
"16_87" 8 5 2 413
"16_88" 7 9 1 915
"16_89" 7 6 2 957
"16_90" 9 10 1 757
"16_91" 5 10 1 1097
"16_92" 6 6 1 822
"16_93" 7 8 2 3130
"16_94" 9 9 1 1135
"16_95" 10 5 2 617
"16_96" 6 6 1 677
"16_97" 7 5 2 717
"16_98" 9 5 2 478
"16_99" 5 3 2 1097
"16_100" 4 5 2 1715
"17_1" 0 0 2 978
"17_2" 0 1 2 1355
"17_3" 2 0 1 1117
"17_4" 0 0 2 677
"17_5" 1 0 2 876
"17_6" 2 4 1 896
"17_7" 0 0 1 678
"17_8" 1 4 2 557
"17_9" 0 4 2 1139
"17_10" 5 5 2 736
"17_11" 2 4 2 1019
"17_12" 2 1 1 1217
"17_13" 2 3 2 937
"17_14" 4 2 2 958
"17_15" 0 3 1 1096
"17_16" 5 2 2 538
"17_17" 0 3 2 936
"17_18" 4 0 2 956
"17_19" 3 3 1 1079
"17_20" 0 0 1 857
"17_21" 3 4 2 976
"17_22" 5 6 2 1556
"17_23" 2 3 1 1288
"17_24" 0 3 1 918
"17_25" 2 0 2 877
"17_26" 5 2 2 916
"17_27" 3 0 2 919
"17_28" 2 5 2 1136
"17_29" 5 2 2 1494
"17_30" 0 2 2 937
"17_31" 5 2 1 1474
"17_32" 1 2 2 956
"17_33" 2 1 2 1435
"17_34" 2 2 1 1417
"17_35" 0 2 1 1935
"17_36" 2 2 1 1056
"17_37" 0 3 2 1327
"17_38" 2 2 2 778
"17_39" 3 1 2 1236
"17_40" 2 0 2 1235
"17_41" 3 2 2 1455
"17_42" 3 2 2 1136
"17_43" 3 0 2 1136
"17_44" 2 2 1 1218
"17_45" 6 2 2 957
"17_46" 0 0 2 1237
"17_47" 6 1 2 1376
"17_48" 2 4 2 853
"17_49" 1 2 1 717
"17_50" 2 4 2 822
"17_51" 1 2 1 1156
"17_52" 3 2 2 776
"17_53" 3 2 2 858
"17_54" 2 4 1 957
"17_55" 0 2 1 1075
"17_56" 2 3 1 839
"17_57" 0 2 2 1374
"17_58" 2 2 1 738
"17_59" 2 0 2 717
"17_60" 0 2 1 597
"17_61" 3 5 2 1356
"17_62" 0 0 2 956
"17_63" 3 2 2 1175
"17_64" 1 0 2 896
"17_65" 0 0 2 995
"17_66" 3 1 2 737
"17_67" 0 3 1 877
"17_68" 1 0 2 1076
"17_69" 2 0 1 1056
"17_70" 2 3 2 1016
"17_71" 0 5 1 598
"17_72" 0 3 1 954
"17_73" 3 0 2 1136
"17_74" 0 2 1 658
"17_75" 0 0 1 1076
"17_76" 3 2 2 599
"17_77" 2 5 1 1475
"17_78" 3 2 2 681
"17_79" 2 2 2 557
"17_80" 4 2 2 1256
"17_81" 3 5 1 1156
"17_82" 3 3 2 757
"17_83" 3 2 2 697
"17_84" 4 0 2 778
"17_85" 2 3 2 881
"17_86" 5 2 2 797
"17_87" 5 3 2 1155
"17_88" 2 4 1 1453
"17_89" 5 2 2 518
"17_90" 2 0 2 2937
"17_91" 2 2 2 717
"17_92" 0 1 1 618
"17_93" 1 3 1 838
"17_94" 2 4 1 737
"17_95" 2 2 2 877
"17_96" 3 4 1 1459
"17_97" 2 2 1 1574
"17_98" 0 2 1 877
"17_99" 1 5 2 1853
"17_100" 2 2 2 798
"18_1" 2 0 2 12537
"18_2" 8 8 2 6355
"18_3" 3 3 1 3189
"18_4" 4 3 1 5123
"18_5" 8 5 2 3051
"18_6" 5 0 2 6080
"18_7" 5 5 2 5439
"18_8" 4 5 2 5344
"18_9" 9 5 2 4464
"18_10" 6 2 2 8733
"18_11" 1 6 1 4764
"18_12" 4 5 2 2988
"18_13" 5 5 2 4088
"18_14" 7 5 2 4004
"18_15" 1 0 2 2771
"18_16" 6 4 1 2432
"18_17" 0 5 1 1294
"18_18" 5 10 1 1016
"18_19" 9 5 2 799
"18_20" 5 0 2 2171
"18_21" 3 2 2 3646
"18_22" 4 5 2 3788
"18_23" 1 3 1 4067
"18_24" 9 5 2 2451
"18_25" 7 5 2 4255
"18_26" 9 6 2 1976
"18_27" 9 5 2 1617
"18_28" 7 8 2 3132
"18_29" 5 5 1 4143
"18_30" 9 5 2 2431
"18_31" 5 9 1 1077
"18_32" 7 8 1 3929
"18_33" 4 8 1 1974
"18_34" 7 4 1 5635
"18_35" 2 0 2 1653
"18_36" 9 5 2 1833
"18_37" 10 8 2 636
"18_38" 1 6 1 3486
"18_39" 2 4 1 1782
"18_40" 4 8 1 1972
"18_41" 1 5 2 3887
"18_42" 8 5 2 1492
"18_43" 1 2 2 5262
"18_44" 9 6 2 1357
"18_45" 4 5 2 2172
"18_46" 4 8 2 2012
"18_47" 8 5 2 1782
"18_48" 2 3 1 3529
"18_49" 5 5 1 1872
"18_50" 5 3 2 3886
"18_51" 8 5 1 2611
"18_52" 1 2 2 6593
"18_53" 4 5 1 4165
"18_54" 4 9 1 1035
"18_55" 0 5 1 755
"18_56" 6 5 2 1416
"18_57" 3 5 1 2012
"18_58" 8 8 1 1473
"18_59" 2 5 1 1633
"18_60" 5 4 2 1993
"18_61" 6 5 2 5163
"18_62" 1 5 1 2770
"18_63" 2 5 1 2989
"18_64" 5 2 2 998
"18_65" 5 8 1 698
"18_66" 6 1 1 2072
"18_67" 2 5 1 581
"18_68" 1 6 1 1577
"18_69" 5 10 1 661
"18_70" 1 4 1 2770
"18_71" 1 5 1 1655
"18_72" 1 3 1 2173
"18_73" 6 5 2 5446
"18_74" 4 6 2 2889
"18_75" 6 5 2 4182
"18_76" 0 5 1 905
"18_77" 5 6 2 8267
"18_78" 6 9 1 1135
"18_79" 5 8 2 5839
"18_80" 1 4 2 2851
"18_81" 6 6 2 2731
"18_82" 4 1 2 1195
"18_83" 9 5 2 777
"18_84" 2 4 1 5343
"18_85" 9 4 2 1233
"18_86" 4 5 2 757
"18_87" 5 5 1 6177
"18_88" 8 6 2 1375
"18_89" 2 0 2 1455
"18_90" 8 5 2 1814
"18_91" 6 5 2 3428
"18_92" 8 6 2 797
"18_93" 5 7 1 2334
"18_94" 2 6 1 1857
"18_95" 4 3 1 4128
"18_96" 6 6 2 4009
"18_97" 7 5 2 3308
"18_98" 6 9 1 817
"18_99" 6 5 2 2688
"18_100" 5 8 2 2770
"19_1" 7 5 1 1034
"19_2" 6 3 1 1674
"19_3" 5 6 2 1693
"19_4" 5 4 2 1533
"19_5" 0 4 1 1353
"19_6" 5 1 2 997
"19_7" 5 4 2 1534
"19_8" 6 3 2 976
"19_9" 5 7 2 1236
"19_10" 1 5 1 1356
"19_11" 4 8 1 1235
"19_12" 4 5 1 1814
"19_13" 6 7 2 1494
"19_14" 3 1 2 1594
"19_15" 7 9 1 1056
"19_16" 3 6 2 1295
"19_17" 3 5 2 1122
"19_18" 4 5 1 1723
"19_19" 7 6 1 1992
"19_20" 5 7 1 2450
"19_21" 1 5 1 1115
"19_22" 4 7 1 1244
"19_23" 9 7 2 877
"19_24" 7 7 2 1217
"19_25" 1 4 2 1693
"19_26" 5 3 2 1874
"19_27" 5 5 2 866
"19_28" 7 7 2 1772
"19_29" 3 7 2 2191
"19_30" 1 3 1 2152
"19_31" 5 6 2 1258
"19_32" 6 9 1 1493
"19_33" 4 4 1 1519
"19_34" 0 5 1 1097
"19_35" 5 6 1 2051
"19_36" 5 1 2 1453
"19_37" 3 3 2 1697
"19_38" 7 9 1 1096
"19_39" 4 0 2 1437
"19_40" 3 5 1 1051
"19_41" 9 9 2 2889
"19_42" 0 0 1 2300
"19_43" 7 5 2 1316
"19_44" 8 3 2 909
"19_45" 4 4 1 1895
"19_46" 5 5 1 1255
"19_47" 4 5 1 1077
"19_48" 3 1 2 996
"19_49" 4 5 1 860
"19_50" 5 4 2 1356
"19_51" 5 5 2 754
"19_52" 7 5 2 1593
"19_53" 1 5 1 956
"19_54" 10 9 2 2213
"19_55" 7 5 2 1295
"19_56" 5 7 2 1336
"19_57" 5 7 1 2155
"19_58" 0 4 1 1454
"19_59" 6 6 1 1794
"19_60" 10 6 2 1037
"19_61" 4 2 2 1853
"19_62" 4 6 1 1137
"19_63" 7 4 2 1135
"19_64" 5 5 1 2173
"19_65" 3 4 1 2193
"19_66" 4 4 2 1356
"19_67" 6 8 1 877
"19_68" 5 4 2 1018
"19_69" 5 7 1 1060
"19_70" 4 1 2 934
"19_71" 4 0 2 1016
"19_72" 5 6 2 1295
"19_73" 1 4 2 1733
"19_74" 6 7 1 1297
"19_75" 5 4 2 1973
"19_76" 1 5 1 1296
"19_77" 7 7 1 855
"19_78" 5 5 1 3189
"19_79" 6 5 1 2251
"19_80" 2 7 1 2195
"19_81" 4 4 1 2650
"19_82" 1 5 1 1792
"19_83" 6 1 2 1096
"19_84" 10 7 2 1403
"19_85" 3 8 1 950
"19_86" 5 1 2 1196
"19_87" 1 3 1 1015
"19_88" 1 6 1 1614
"19_89" 1 4 1 875
"19_90" 5 5 1 1234
"19_91" 5 10 1 1357
"19_92" 4 5 1 937
"19_93" 5 10 1 1156
"19_94" 5 3 2 2393
"19_95" 6 1 2 1137
"19_96" 2 4 1 3169
"19_97" 4 5 1 976
"19_98" 5 4 2 1295
"19_99" 3 6 1 996
"19_100" 6 5 2 1376
"20_1" 4 2 2 1698
"20_2" 2 6 1 1536
"20_3" 1 3 1 1794
"20_4" 5 1 2 580
"20_5" 3 0 2 1357
"20_6" 2 3 1 1136
"20_7" 3 0 2 1373
"20_8" 2 2 1 1834
"20_9" 3 3 2 978
"20_10" 2 4 1 1195
"20_11" 5 0 2 1275
"20_12" 3 6 1 1255
"20_13" 5 5 2 1095
"20_14" 0 4 1 1075
"20_15" 6 6 2 2211
"20_16" 4 0 2 1034
"20_17" 0 0 1 3955
"20_18" 5 4 2 1118
"20_19" 6 2 2 757
"20_20" 1 4 1 897
"20_21" 7 4 2 698
"20_22" 6 3 2 1156
"20_23" 4 4 2 2495
"20_24" 0 2 1 1575
"20_25" 6 3 2 716
"20_26" 2 6 1 1814
"20_27" 7 4 2 536
"20_28" 2 1 1 2551
"20_29" 1 4 1 1037
"20_30" 5 3 2 1672
"20_31" 6 3 2 715
"20_32" 0 0 2 1136
"20_33" 0 3 1 797
"20_34" 2 1 2 1016
"20_35" 6 2 2 695
"20_36" 2 3 2 1075
"20_37" 5 2 2 1455
"20_38" 1 4 1 2132
"20_39" 6 5 2 697
"20_40" 4 4 2 857
"20_41" 8 6 2 1514
"20_42" 5 5 2 1068
"20_43" 4 0 2 1096
"20_44" 4 2 2 1095
"20_45" 3 1 1 837
"20_46" 3 2 2 817
"20_47" 6 3 2 1577
"20_48" 1 2 1 996
"20_49" 0 0 2 1071
"20_50" 5 2 2 1136
"20_51" 0 3 2 2012
"20_52" 3 0 1 958
"20_53" 1 6 1 954
"20_54" 6 5 1 1273
"20_55" 2 1 2 1135
"20_56" 4 0 2 873
"20_57" 4 0 2 659
"20_58" 0 1 1 2037
"20_59" 4 2 2 1931
"20_60" 3 2 2 999
"20_61" 3 0 2 1037
"20_62" 6 3 1 976
"20_63" 3 6 1 978
"20_64" 2 1 2 837
"20_65" 4 6 2 797
"20_66" 4 6 1 497
"20_67" 3 0 2 838
"20_68" 6 4 2 1135
"20_69" 6 5 2 518
"20_70" 1 6 1 837
"20_71" 4 0 2 757
"20_72" 6 3 2 1418
"20_73" 2 0 2 1493
"20_74" 2 5 1 1138
"20_75" 7 5 2 1211
"20_76" 2 5 1 678
"20_77" 0 1 1 859
"20_78" 0 0 2 1099
"20_79" 2 5 1 1020
"20_80" 0 3 1 898
"20_81" 2 3 1 1834
"20_82" 5 3 2 1395
"20_83" 2 0 2 818
"20_84" 0 3 1 658
"20_85" 8 9 2 638
"20_86" 4 2 2 758
"20_87" 3 5 1 658
"20_88" 3 4 1 579
"20_89" 1 2 2 1061
"20_90" 3 2 1 976
"20_91" 3 6 2 738
"20_92" 6 5 2 1256
"20_93" 6 2 2 479
"20_94" 5 4 2 1054
"20_95" 3 4 1 677
"20_96" 0 5 1 578
"20_97" 4 5 1 576
"20_98" 6 9 2 561
"20_99" 1 2 1 856
"20_100" 1 5 1 538
"22_1" 6 2 1 2510
"22_2" 3 0 2 1433
"22_3" 9 7 2 1876
"22_4" 4 3 1 3768
"22_5" 3 5 1 1993
"22_6" 3 5 2 3411
"22_7" 8 5 2 1319
"22_8" 7 6 1 3148
"22_9" 7 8 1 1614
"22_10" 6 8 1 1315
"22_11" 3 7 1 1572
"22_12" 3 7 1 2590
"22_13" 7 4 1 3440
"22_14" 4 8 1 2052
"22_15" 4 7 1 1752
"22_16" 7 3 2 1056
"22_17" 7 10 1 700
"22_18" 7 7 2 1816
"22_19" 6 8 1 1037
"22_20" 6 8 1 3246
"22_21" 6 3 2 1315
"22_22" 3 8 1 1277
"22_23" 7 7 1 3468
"22_24" 4 8 1 1352
"22_25" 8 4 2 1255
"22_26" 4 4 1 1611
"22_27" 4 8 1 976
"22_28" 7 9 1 1078
"22_29" 7 4 2 959
"22_30" 7 7 2 1811
"22_31" 8 3 2 776
"22_32" 7 5 1 3406
"22_33" 6 6 2 1415
"22_34" 1 2 1 2254
"22_35" 3 3 1 1060
"22_36" 4 7 1 933
"22_37" 0 3 1 1399
"22_38" 3 6 1 857
"22_39" 4 8 1 899
"22_40" 7 5 2 1040
"22_41" 3 5 1 2830
"22_42" 8 4 2 1556
"22_43" 7 10 1 535
"22_44" 1 6 1 1093
"22_45" 7 4 2 1096
"22_46" 2 7 1 1016
"22_47" 3 6 1 2249
"22_48" 6 4 2 1377
"22_49" 1 1 1 3468
"22_50" 10 6 2 920
"22_51" 4 8 1 618
"22_52" 4 3 2 1654
"22_53" 3 7 1 816
"22_54" 7 4 2 1077
"22_55" 4 5 1 2889
"22_56" 7 5 2 1727
"22_57" 4 3 1 1732
"22_58" 6 10 1 298
"22_59" 5 3 2 2531
"22_60" 7 5 1 2605
"22_61" 7 3 2 1632
"22_62" 7 8 1 915
"22_63" 0 3 1 1236
"22_64" 3 0 2 1097
"22_65" 7 3 2 2132
"22_66" 6 6 1 1912
"22_67" 4 4 1 3241
"22_68" 4 6 2 4444
"22_69" 6 8 1 971
"22_70" 0 5 1 2108
"22_71" 8 6 2 1198
"22_72" 5 4 1 2086
"22_73" 4 7 1 615
"22_74" 7 6 2 3326
"22_75" 4 3 1 2323
"22_76" 6 5 1 857
"22_77" 4 0 1 3146
"22_78" 7 8 1 737
"22_79" 6 6 1 2889
"22_80" 8 8 2 2277
"22_81" 8 7 1 2632
"22_82" 6 1 2 2013
"22_83" 7 8 1 1296
"22_84" 4 7 1 1128
"22_85" 3 8 1 1769
"22_86" 7 8 2 3794
"22_87" 6 8 1 837
"22_88" 0 0 2 1276
"22_89" 3 4 1 857
"22_90" 4 6 1 1712
"22_91" 7 7 2 3046
"22_92" 2 7 1 1098
"22_93" 4 3 2 1297
"22_94" 3 4 2 3169
"22_95" 6 3 1 2038
"22_96" 8 3 2 912
"22_97" 5 7 1 1848
"22_98" 6 5 1 656
"22_99" 7 4 2 1036
"22_100" 6 5 2 794
"23_1" 6 4 2 5711
"23_2" 4 5 2 12112
"23_3" 0 0 1 2524
"23_4" 4 3 2 2529
"23_5" 3 3 2 1607
"23_7" 3 6 1 3188
"23_8" 5 1 2 1695
"23_9" 6 5 2 7441
"23_10" 1 3 1 2469
"23_11" 5 5 2 2092
"23_12" 3 5 2 1713
"23_13" 0 3 1 1354
"23_14" 4 5 1 1272
"23_15" 4 7 1 2151
"23_16" 5 4 2 1117
"23_17" 7 8 1 2290
"23_18" 1 4 1 1733
"23_19" 1 4 1 1015
"23_20" 2 1 2 1797
"23_21" 2 3 2 2191
"23_22" 8 3 2 797
"23_23" 6 3 2 1953
"23_24" 3 5 1 1014
"23_25" 5 5 2 2420
"23_26" 1 2 1 3247
"23_27" 8 5 2 1434
"23_28" 2 6 1 1255
"23_29" 5 3 2 2253
"23_30" 0 2 1 2135
"23_31" 4 5 1 855
"23_32" 6 1 2 1297
"23_33" 5 5 2 2074
"23_34" 8 5 2 1136
"23_35" 5 2 2 2388
"23_36" 4 6 2 3523
"23_37" 8 5 2 1263
"23_38" 0 1 2 1715
"23_39" 4 3 2 1036
"23_40" 5 3 1 4760
"23_41" 3 8 1 859
"23_42" 1 4 1 1194
"23_43" 1 3 2 1496
"23_44" 0 3 1 1835
"23_45" 5 5 1 1796
"23_46" 7 3 2 796
"23_47" 4 5 1 1435
"23_48" 1 5 1 736
"23_49" 6 6 2 11877
"23_50" 2 2 1 877
"23_51" 4 2 1 1039
"23_52" 8 7 2 934
"23_53" 4 5 1 995
"23_54" 1 3 1 1556
"23_55" 5 5 2 1537
"23_56" 2 2 2 856
"23_57" 3 1 2 2351
"23_58" 1 0 2 2010
"23_59" 6 1 2 916
"23_60" 0 2 1 995
"23_61" 3 3 1 2134
"23_62" 6 1 2 1605
"23_63" 1 5 1 1036
"23_64" 5 5 1 2271
"23_65" 1 4 1 3791
"23_66" 3 4 1 2053
"23_67" 5 6 1 2588
"23_68" 2 0 2 1278
"23_69" 8 3 2 916
"23_70" 5 7 1 758
"23_71" 5 3 2 875
"23_72" 3 0 2 1137
"23_73" 3 1 2 2051
"23_74" 5 7 1 1555
"23_75" 3 5 2 2093
"23_76" 3 3 2 1411
"23_77" 2 3 1 1754
"23_78" 3 4 2 2404
"23_79" 4 3 2 935
"23_80" 5 1 2 999
"23_81" 2 0 2 2431
"23_82" 6 5 1 7736
"23_83" 3 5 1 596
"23_84" 0 1 2 1017
"23_85" 5 3 2 1933
"23_86" 6 3 2 1100
"23_87" 1 2 1 1754
"23_88" 7 3 2 1432
"23_89" 3 1 2 1214
"23_90" 4 1 2 2864
"23_91" 2 1 1 1204
"23_92" 3 2 1 2606
"23_93" 5 3 2 1056
"23_94" 1 1 2 800
"23_95" 8 4 2 1376
"23_96" 4 4 1 2013
"23_97" 8 8 2 2233
"23_98" 4 5 1 2136
"23_99" 4 5 1 2036
"23_100" 3 6 1 2150
"25_1" 4 2 2 9632
"25_2" 1 4 1 1057
"25_3" 5 6 2 1177
"25_4" 4 6 1 2528
"25_5" 8 3 2 1776
"25_6" 3 7 1 1117
"25_7" 4 3 2 1116
"25_8" 4 8 1 1494
"25_9" 4 6 1 2313
"25_10" 8 3 2 1135
"25_11" 1 0 2 1295
"25_12" 1 1 1 2467
"25_13" 3 3 1 1811
"25_15" 5 2 2 2651
"25_16" 3 6 2 11276
"25_17" 4 6 2 11267
"25_18" 6 5 2 1379
"25_19" 2 2 2 8330
"25_20" 4 2 2 2749
"25_21" 5 0 2 2923
"25_22" 1 6 1 3475
"25_23" 0 1 1 6195
"25_24" 7 3 2 6857
"25_25" 1 1 1 16390
"25_26" 7 6 2 3550
"25_27" 3 6 1 4448
"25_28" 2 1 1 3981
"25_29" 3 2 2 1695
"25_30" 5 6 2 2358
"25_31" 2 0 2 10464
"25_32" 2 1 2 1933
"25_33" 1 0 2 5488
"25_34" 2 1 2 1458
"25_35" 6 3 1 4965
"25_36" 8 5 2 1449
"25_37" 2 3 2 2605
"25_38" 8 3 2 1441
"25_39" 7 6 2 3428
"25_40" 7 8 1 17233
"25_41" 4 2 2 9145
"25_42" 3 5 1 1179
"25_43" 6 6 2 1814
"25_44" 1 4 1 1137
"25_45" 8 7 1 1477
"25_46" 2 5 1 1951
"25_47" 1 4 2 2256
"25_48" 6 5 1 2231
"25_49" 3 5 1 7275
"25_50" 4 1 1 1534
"25_51" 3 6 1 1219
"25_52" 4 0 2 986
"25_53" 7 4 2 1037
"25_54" 3 5 1 3365
"25_55" 7 4 2 638
"25_56" 3 0 2 757
"25_57" 3 8 1 1834
"25_58" 6 1 2 897
"25_59" 6 4 2 1183
"25_60" 2 3 2 1991
"25_61" 3 5 1 2054
"25_62" 4 5 1 2552
"25_63" 5 4 2 1115
"25_64" 1 3 1 1376
"25_65" 3 1 2 1730
"25_66" 6 4 2 1817
"25_67" 8 6 2 1037
"25_68" 5 3 2 1057
"25_69" 3 4 2 2704
"25_70" 5 5 1 1155
"25_71" 6 8 1 1057
"25_72" 4 5 1 1277
"25_73" 3 2 1 3035
"25_74" 5 5 2 1453
"25_75" 8 6 2 1173
"25_76" 1 0 2 1356
"25_77" 8 5 2 1975
"25_78" 8 5 2 2612
"25_79" 3 1 2 1217
"25_80" 3 0 2 575
"25_81" 1 6 1 799
"25_82" 2 5 1 1357
"25_83" 2 1 2 839
"25_84" 0 3 1 758
"25_85" 3 8 1 956
"25_86" 3 3 1 2832
"25_87" 4 0 2 698
"25_88" 4 3 2 1056
"25_89" 6 5 1 3108
"25_90" 6 5 2 1317
"25_91" 4 0 2 856
"25_92" 2 0 2 893
"25_93" 3 0 2 694
"25_94" 1 2 1 630
"25_95" 8 4 2 1892
"25_96" 4 7 1 1353
"25_97" 1 5 1 1335
"25_98" 3 3 2 2489
"25_99" 5 5 2 901
"25_100" 6 8 1 1811
"26_1" 5 0 2 817
"26_2" 1 3 1 755
"26_3" 5 2 2 1086
"26_4" 1 3 1 1492
"26_5" 2 1 2 556
"26_6" 5 4 1 1113
"26_7" 3 4 1 1414
"26_8" 6 8 1 1037
"26_9" 2 6 1 1676
"26_10" 1 1 1 2500
"26_11" 4 8 1 1054
"26_12" 8 3 2 1192
"26_14" 5 1 2 476
"26_15" 4 3 1 1934
"26_16" 2 5 2 2625
"26_17" 2 5 1 1373
"26_18" 5 1 2 879
"26_20" 3 1 2 1458
"26_22" 6 6 2 1450
"26_23" 3 1 2 5196
"26_24" 5 3 1 6631
"26_26" 5 1 2 1413
"26_27" 5 3 2 2773
"26_29" 5 3 2 1336
"26_32" 6 3 2 855
"26_33" 6 2 2 1215
"26_34" 3 5 1 1368
"26_35" 4 2 2 357
"26_36" 3 0 2 878
"26_37" 3 3 1 737
"26_38" 1 6 1 557
"26_39" 8 3 2 1173
"26_40" 0 4 1 1581
"26_41" 5 2 2 957
"26_42" 8 5 2 814
"26_43" 3 2 1 1121
"26_45" 4 6 1 737
"26_46" 2 0 1 2132
"26_47" 7 10 1 1153
"26_48" 5 8 1 916
"26_49" 2 3 1 1633
"26_51" 0 3 1 579
"26_52" 1 1 2 755
"26_53" 6 3 2 953
"26_54" 1 5 1 893
"26_55" 4 8 1 618
"26_56" 2 6 1 740
"26_57" 4 2 1 3231
"26_58" 6 3 2 856
"26_59" 5 1 2 497
"26_60" 6 3 2 714
"26_63" 5 3 2 1099
"26_65" 6 5 2 1434
"26_66" 3 2 1 2547
"26_67" 0 2 1 1732
"26_68" 2 3 2 2211
"26_69" 6 8 2 6778
"26_71" 6 5 2 1456
"26_72" 4 2 1 1212
"26_73" 1 5 1 934
"26_74" 3 5 1 975
"26_76" 0 1 1 697
"26_77" 3 8 1 580
"26_78" 3 8 1 754
"26_79" 2 1 1 1411
"26_80" 3 8 1 738
"26_81" 5 4 1 1910
"26_82" 6 5 2 997
"26_86" 1 5 1 1219
"26_89" 6 8 1 557
"26_96" 6 3 1 436
"26_97" 5 4 2 1651
"26_100" 5 0 2 814
"27_1" 2 0 2 2786
"27_2" 6 4 1 7079
"27_3" 2 0 1 8493
"27_4" 2 3 1 6993
"27_5" 2 2 2 4742
"27_6" 2 3 1 5519
"27_7" 1 4 2 3988
"27_8" 2 0 2 2413
"27_9" 1 4 1 1213
"27_10" 2 3 2 1397
"27_11" 2 4 1 1476
"27_12" 3 2 1 5143
"27_13" 4 4 2 2074
"27_14" 0 2 1 6880
"27_15" 2 4 2 3326
"27_16" 2 2 1 2870
"27_17" 0 2 1 5565
"27_18" 2 2 2 1135
"27_19" 3 1 1 5245
"27_20" 0 1 1 5023
"27_21" 2 0 2 7574
"27_22" 0 5 2 4499
"27_23" 0 0 2 3628
"27_24" 0 3 1 3647
"27_25" 2 2 2 6482
"27_26" 3 0 2 5046
"27_27" 0 2 1 5147
"27_28" 0 0 2 2298
"27_29" 2 0 2 4495
"27_30" 2 2 1 5914
"27_31" 0 0 1 4665
"27_32" 0 0 1 2338
"27_33" 1 1 2 1858
"27_34" 1 4 1 1071
"27_35" 2 0 1 2310
"27_36" 0 2 1 3316
"27_37" 2 2 1 7173
"27_38" 3 0 1 914
"27_39" 2 0 1 972
"27_40" 0 0 1 2990
"27_41" 1 2 2 2092
"27_42" 2 2 1 2411
"27_43" 2 4 1 1375
"27_44" 2 0 2 1396
"27_45" 4 6 2 2311
"27_46" 2 7 1 3116
"27_47" 2 6 1 1434
"27_48" 0 3 1 3105
"27_49" 0 1 1 1476
"27_50" 3 4 1 840
"27_51" 2 0 2 6315
"27_52" 1 4 2 1156
"27_53" 4 4 1 698
"27_54" 6 4 2 1954
"27_55" 3 2 2 1572
"27_56" 4 1 2 854
"27_57" 2 1 1 3070
"27_58" 4 4 2 695
"27_59" 3 2 1 1556
"27_60" 0 2 2 1735
"27_61" 2 0 2 2007
"27_62" 2 0 2 1434
"27_63" 0 2 2 6911
"27_64" 3 2 1 2115
"27_65" 3 2 1 1059
"27_66" 1 5 2 1138
"27_67" 4 2 2 897
"27_68" 2 0 2 3152
"27_69" 1 3 1 2373
"27_70" 0 2 2 1299
"27_71" 4 5 2 540
"27_72" 7 4 1 1567
"27_73" 4 0 1 4066
"27_74" 6 7 1 1875
"27_75" 4 2 1 1856
"27_76" 3 0 1 4282
"27_77" 0 0 1 2371
"27_78" 4 8 1 2313
"27_79" 2 4 1 1276
"27_80" 2 2 1 1432
"27_81" 0 4 1 735
"27_82" 1 6 1 1062
"27_83" 1 5 1 1852
"27_84" 4 7 2 878
"27_85" 4 2 2 978
"27_86" 4 0 1 3707
"27_87" 4 1 2 814
"27_88" 1 0 1 1056
"27_89" 4 2 1 977
"27_90" 2 6 2 1694
"27_91" 3 0 1 3394
"27_92" 0 2 2 2654
"27_93" 7 4 2 1116
"27_94" 4 4 1 598
"27_95" 3 0 2 3232
"27_96" 2 0 2 4500
"27_97" 2 1 1 956
"27_98" 2 2 2 1833
"27_99" 5 2 2 997
"27_100" 0 2 2 2911
"28_1" 2 0 2 2274
"28_2" 6 4 2 778
"28_3" 2 4 2 1887
"28_4" 4 0 2 938
"28_5" 5 10 1 1077
"28_6" 6 4 2 1076
"28_7" 6 5 2 1354
"28_8" 6 2 2 1396
"28_12" 4 4 2 1592
"28_13" 6 3 2 933
"28_14" 2 1 2 1374
"28_15" 5 4 2 1696
"28_16" 3 6 1 1017
"28_17" 2 0 2 1473
"28_18" 6 5 2 1174
"28_19" 1 3 1 1337
"28_20" 3 4 2 953
"28_21" 0 2 2 1035
"28_22" 7 4 2 878
"28_23" 0 0 1 799
"28_24" 2 4 1 1952
"28_25" 0 1 2 898
"28_26" 6 1 2 1116
"28_27" 3 5 2 1435
"28_28" 2 0 2 1839
"28_29" 1 3 1 1204
"28_30" 3 6 1 498
"28_31" 5 8 1 618
"28_32" 3 2 2 774
"28_33" 6 4 2 578
"28_34" 0 2 1 676
"28_35" 8 5 2 577
"28_36" 1 2 1 940
"28_37" 4 0 2 2078
"28_38" 1 1 1 1234
"28_39" 1 6 1 1554
"28_40" 4 0 2 1135
"28_41" 3 2 1 976
"28_42" 0 4 1 996
"28_43" 1 3 2 1375
"28_44" 4 6 1 696
"28_45" 1 6 1 1075
"28_46" 3 6 1 1054
"28_47" 0 4 1 617
"28_48" 3 0 1 279
"28_49" 10 5 2 813
"28_50" 2 1 2 774
"28_51" 6 4 2 579
"28_52" 3 0 2 760
"28_53" 1 2 1 1079
"28_54" 4 3 2 681
"28_55" 0 4 1 1613
"28_56" 7 6 2 754
"28_57" 6 4 1 1156
"28_58" 7 10 1 1098
"28_59" 1 0 2 1876
"28_60" 4 1 2 817
"28_61" 6 2 2 1435
"28_62" 10 6 2 3376
"28_63" 4 0 2 2426
"28_64" 1 4 1 1318
"28_65" 8 8 2 1016
"28_66" 7 6 2 2855
"28_67" 3 0 2 2234
"28_68" 0 1 1 956
"28_69" 5 9 1 1097
"28_70" 6 10 1 1113
"28_71" 1 2 2 1594
"28_72" 5 4 2 1334
"28_73" 1 0 1 1795
"28_74" 3 6 1 3983
"28_75" 5 0 2 877
"28_76" 5 2 2 1314
"28_77" 7 6 2 816
"28_78" 5 4 2 778
"28_79" 2 1 2 2495
"28_80" 2 2 2 1899
"28_81" 3 0 2 1074
"28_82" 7 3 2 737
"28_83" 2 0 2 1014
"28_84" 7 10 1 2814
"28_85" 0 5 1 917
"28_86" 2 0 2 699
"28_87" 7 10 1 1277
"28_88" 7 2 2 1017
"28_89" 2 1 2 2389
"28_90" 1 0 1 837
"28_91" 4 3 2 1096
"28_92" 6 5 2 754
"28_93" 1 0 2 936
"28_94" 4 1 2 1156
"28_95" 1 1 1 917
"28_96" 10 10 1 3950
"28_97" 1 4 1 1136
"28_98" 3 1 2 1673
"28_99" 10 6 2 1495
"28_100" 0 0 1 1078
"29_1" 5 8 1 7293
"29_2" 3 6 1 1335
"29_3" 5 9 2 4521
"29_4" 8 5 2 8094
"29_5" 2 4 1 8370
"29_6" 8 9 2 5779
"29_7" 9 9 1 2372
"29_8" 4 9 1 1634
"29_9" 3 5 1 11522
"29_10" 2 5 1 4446
"29_11" 2 3 1 6796
"29_12" 4 4 1 3304
"29_13" 3 0 2 9089
"29_14" 5 4 2 1415
"29_15" 0 4 1 1413
"29_16" 6 8 2 4684
"29_17" 2 3 2 7539
"29_18" 6 9 1 3329
"29_19" 7 4 2 2277
"29_20" 4 3 2 15666
"29_21" 2 3 2 5641
"29_22" 7 5 2 1714
"29_23" 3 2 2 5840
"29_24" 5 2 2 1936
"29_25" 5 4 2 5830
"29_26" 10 6 2 4547
"29_27" 2 3 1 8152
"29_28" 4 5 1 3747
"29_29" 5 3 2 2215
"29_30" 0 4 1 4166
"29_31" 5 2 2 2395
"29_32" 10 6 2 1948
"29_33" 2 3 1 12156
"29_34" 4 3 2 2150
"29_35" 6 3 2 1835
"29_36" 10 7 2 2572
"29_37" 5 3 2 2531
"29_38" 2 4 1 3676
"29_39" 4 9 2 16567
"29_40" 9 5 2 1515
"29_41" 3 0 2 2330
"29_42" 6 2 2 2691
"29_43" 0 2 2 3874
"29_44" 5 4 2 1754
"29_45" 2 2 1 3189
"29_46" 3 3 2 8111
"29_47" 5 5 2 11979
"29_48" 0 5 1 1913
"29_49" 2 5 1 1414
"29_50" 4 3 2 1972
"29_51" 9 9 2 1475
"29_52" 2 3 1 937
"29_53" 5 2 2 898
"29_54" 8 6 1 2508
"29_55" 0 5 1 1515
"29_56" 5 2 2 1116
"29_57" 4 4 1 2871
"29_58" 3 3 1 3507
"29_59" 7 6 2 2611
"29_60" 5 3 2 1773
"29_61" 9 7 2 3568
"29_62" 3 4 1 1017
"29_63" 8 7 2 2273
"29_64" 8 8 1 3787
"29_65" 0 2 2 1853
"29_66" 4 3 2 5140
"29_67" 9 4 2 1155
"29_68" 10 7 2 5062
"29_69" 6 8 1 2671
"29_70" 3 4 1 5321
"29_71" 10 8 2 1653
"29_72" 2 6 1 2073
"29_73" 2 0 2 3986
"29_74" 4 3 1 8431
"29_75" 10 7 2 4982
"29_76" 4 2 2 2112
"29_77" 0 5 1 3089
"29_78" 3 2 2 1435
"29_79" 7 3 2 1156
"29_80" 6 5 2 1377
"29_81" 5 2 2 3191
"29_82" 7 6 2 2513
"29_83" 2 7 1 3509
"29_84" 4 7 1 1774
"29_85" 2 2 2 1754
"29_86" 5 9 1 3427
"29_87" 7 9 1 1417
"29_88" 10 6 2 2471
"29_89" 7 7 2 3390
"29_90" 4 2 1 5321
"29_91" 10 9 2 2870
"29_92" 3 0 2 11518
"29_93" 9 7 2 1475
"29_94" 4 3 2 1833
"29_95" 5 0 2 1953
"29_96" 3 8 1 3406
"29_97" 9 10 2 2871
"29_98" 4 3 1 2372
"29_99" 2 2 1 4225
"29_100" 3 8 1 1275
"30_1" 7 8 2 5543
"30_2" 0 2 1 6073
"30_3" 3 2 2 4983
"30_4" 2 8 1 3806
"30_5" 2 2 2 6159
"30_6" 8 2 2 2148
"30_7" 1 4 1 5741
"30_8" 6 7 1 2970
"30_9" 1 8 1 1391
"30_10" 0 0 2 5200
"30_11" 5 2 2 1813
"30_12" 7 4 2 2253
"30_13" 3 4 1 3286
"30_14" 0 2 2 4150
"30_15" 6 0 2 1895
"30_16" 4 2 2 4588
"30_17" 1 0 1 5863
"30_18" 6 10 1 1652
"30_19" 2 3 1 2348
"30_20" 2 6 1 3829
"30_21" 3 3 2 3149
"30_22" 1 3 1 3168
"30_23" 0 7 1 1602
"30_24" 3 7 1 4784
"30_25" 2 5 1 2769
"30_26" 6 5 1 1937
"30_27" 8 3 2 1337
"30_28" 9 10 1 2871
"30_29" 9 7 2 6178
"30_30" 1 2 1 4962
"30_31" 3 2 1 4090
"30_32" 7 0 2 3386
"30_33" 1 0 2 4166
"30_34" 0 2 2 3566
"30_35" 8 3 2 1792
"30_36" 7 3 2 1870
"30_37" 2 3 1 2470
"30_38" 10 10 1 2211
"30_39" 10 10 2 3545
"30_40" 5 0 2 1693
"30_41" 0 0 1 4502
"30_42" 2 0 2 2093
"30_43" 2 0 1 3785
"30_44" 2 1 2 3649
"30_45" 3 0 2 5160
"30_46" 2 7 1 2074
"30_47" 2 7 1 3248
"30_48" 0 0 1 2214
"30_49" 3 10 1 2253
"30_50" 8 1 2 2510
"30_51" 7 1 2 1475
"30_52" 5 7 2 3688
"30_53" 2 1 1 3825
"30_54" 0 0 2 4344
"30_55" 2 8 1 2214
"30_56" 10 3 2 1614
"30_57" 7 1 2 859
"30_58" 4 0 2 1992
"30_59" 10 3 2 1198
"30_60" 3 1 2 1496
"30_61" 0 3 1 2909
"30_62" 1 0 2 577
"30_63" 0 0 2 2551
"30_64" 1 5 1 3765
"30_65" 2 2 2 2848
"30_66" 3 0 2 3389
"30_67" 3 2 2 2972
"30_68" 4 2 2 2629
"30_69" 10 7 1 2832
"30_70" 3 10 1 1854
"30_71" 3 1 1 4568
"30_72" 1 6 1 2950
"30_73" 2 0 2 2548
"30_74" 5 8 1 2492
"30_75" 4 0 2 1538
"30_76" 7 7 2 2331
"30_77" 10 7 2 2294
"30_78" 1 0 2 4703
"30_79" 3 0 2 1353
"30_80" 6 10 1 1760
"30_81" 8 6 2 4724
"30_82" 9 6 2 1596
"30_83" 8 7 1 4286
"30_84" 0 2 2 934
"30_85" 2 0 1 2349
"30_86" 8 7 1 2415
"30_87" 10 7 1 956
"30_88" 7 0 2 1535
"30_89" 0 7 1 2922
"30_90" 7 1 2 856
"30_91" 7 6 2 1056
"30_92" 2 7 1 1156
"30_93" 0 6 1 1355
"30_94" 7 3 2 1339
"30_95" 7 3 2 1272
"30_96" 9 10 2 1281
"30_97" 9 7 2 1613
"30_98" 0 3 1 1335
"30_99" 1 2 2 361
"30_100" 7 10 1 1579
"31_1" 3 5 1 3327
"31_2" 2 3 1 3183
"31_3" 1 2 1 1257
"31_4" 2 1 2 1713
"31_5" 4 1 2 2070
"31_6" 4 0 2 857
"31_7" 6 3 2 957
"31_8" 1 4 1 1037
"31_9" 1 5 1 1355
"31_10" 2 1 2 12278
"31_11" 1 2 1 1636
"31_12" 0 0 1 3290
"31_13" 5 2 2 1614
"31_14" 1 2 1 977
"31_15" 5 1 2 2671
"31_16" 0 2 1 3330
"31_17" 1 2 2 5342
"31_18" 4 5 2 3011
"31_19" 3 1 2 893
"31_20" 5 0 2 937
"31_21" 1 6 1 976
"31_22" 0 5 1 816
"31_23" 5 1 2 1413
"31_24" 3 3 1 5700
"31_25" 2 3 1 1675
"31_26" 0 4 1 2622
"31_27" 0 3 1 1654
"31_28" 1 2 2 2990
"31_29" 6 2 2 914
"31_30" 4 6 1 698
"31_31" 2 3 1 6436
"31_32" 2 2 2 13219
"31_33" 3 4 2 1295
"31_34" 4 2 2 957
"31_35" 2 4 1 938
"31_36" 1 1 2 6958
"31_37" 6 2 2 956
"31_38" 2 2 1 2913
"31_39" 4 1 2 1492
"31_40" 4 6 1 1255
"31_41" 4 7 1 1663
"31_42" 6 2 2 900
"31_43" 2 0 2 2791
"31_44" 5 2 1 2355
"31_45" 2 2 1 1591
"31_46" 3 4 1 1296
"31_47" 0 4 1 2134
"31_48" 1 1 1 3427
"31_49" 2 2 1 2611
"31_50" 2 5 1 1016
"31_51" 4 1 2 1892
"31_52" 4 3 2 2332
"31_53" 1 4 1 1757
"31_54" 4 1 2 820
"31_55" 3 6 1 639
"31_56" 8 4 2 1534
"31_57" 2 4 2 4603
"31_58" 0 1 1 2413
"31_59" 5 0 2 1235
"31_60" 2 0 2 3089
"31_61" 2 1 2 945
"31_62" 2 1 2 3928
"31_63" 6 3 2 458
"31_64" 3 6 2 7434
"31_65" 5 1 2 916
"31_66" 4 2 2 1019
"31_67" 1 0 2 4286
"31_68" 1 5 1 974
"31_69" 0 4 1 995
"31_70" 2 0 2 2512
"31_71" 1 3 1 1953
"31_72" 6 2 2 1217
"31_73" 2 3 1 2254
"31_74" 5 4 2 6415
"31_75" 3 0 2 859
"31_76" 2 1 1 1275
"31_77" 0 1 1 1356
"31_78" 0 4 1 1496
"31_79" 1 0 2 12821
"31_80" 3 0 2 1295
"31_81" 6 3 2 542
"31_82" 1 5 1 857
"31_84" 7 8 1 21477
"31_85" 2 2 2 1057
"31_86" 4 1 2 647
"31_87" 1 5 1 4519
"31_88" 5 5 1 5840
"31_89" 5 4 2 3311
"31_90" 2 6 1 895
"31_91" 0 5 1 1156
"31_92" 1 0 1 6860
"31_93" 4 2 1 3587
"31_94" 6 2 2 1196
"31_95" 1 3 1 1295
"31_96" 2 3 1 1375
"31_97" 6 3 1 7938
"31_98" 2 2 1 6954
"31_99" 0 5 1 701
"31_100" 1 0 1 3948
"32_2" 0 0 1 1296
"32_3" 2 0 2 10563
"32_4" 6 2 2 3272
"32_5" 3 3 2 5415
"32_6" 0 6 1 1677
"32_7" 6 2 2 1932
"32_8" 9 2 2 897
"32_9" 0 6 1 1695
"32_10" 0 0 1 2488
"32_11" 0 7 1 1815
"32_12" 3 0 2 2452
"32_13" 4 9 1 1494
"32_14" 6 7 2 2253
"32_15" 2 9 1 1195
"32_16" 6 1 2 1656
"32_17" 4 6 2 2752
"32_18" 2 4 2 3407
"32_19" 0 1 1 1993
"32_20" 0 0 2 1775
"32_21" 2 8 1 341
"32_22" 9 2 2 641
"32_23" 2 9 1 499
"32_24" 2 4 1 1917
"32_25" 6 0 2 2371
"32_26" 0 3 1 1754
"32_27" 0 6 1 3730
"32_28" 0 0 2 3830
"32_29" 6 2 2 2295
"32_30" 8 7 2 2252
"32_31" 0 3 1 2076
"32_32" 4 6 1 2033
"32_33" 1 7 1 897
"32_34" 4 2 1 1676
"32_35" 6 7 1 997
"32_36" 7 4 2 1098
"32_37" 3 8 1 761
"32_38" 3 3 2 3328
"32_39" 8 7 2 1992
"32_40" 1 6 1 1275
"32_41" 0 4 1 1656
"32_42" 3 0 2 2174
"32_43" 0 0 1 2550
"32_44" 0 0 2 2551
"32_45" 2 4 1 1131
"32_46" 8 8 1 1595
"32_47" 9 8 1 1136
"32_48" 0 2 2 2632
"32_49" 4 8 1 1695
"32_50" 3 0 2 2631
"32_51" 2 2 1 2472
"32_52" 0 1 1 1278
"32_53" 7 2 2 2294
"32_54" 0 7 1 1233
"32_55" 6 1 2 2150
"32_56" 3 3 1 4782
"32_57" 8 8 2 738
"32_58" 1 0 2 1396
"32_59" 6 3 2 2371
"32_60" 6 1 2 1476
"32_61" 0 3 1 2170
"32_62" 6 1 1 6777
"32_63" 2 2 2 937
"32_64" 2 0 2 2629
"32_65" 4 9 1 637
"32_66" 0 2 1 1794
"32_67" 2 3 1 2751
"32_68" 2 2 1 3369
"32_69" 0 0 2 3446
"32_70" 9 7 2 1735
"32_71" 9 2 2 1155
"32_72" 6 1 2 1696
"32_73" 2 6 1 1076
"32_74" 4 2 2 2551
"32_75" 0 1 2 3602
"32_76" 1 0 2 2293
"32_77" 7 0 2 1058
"32_78" 0 6 1 1754
"32_79" 0 4 1 976
"32_80" 0 6 2 5041
"32_81" 1 0 2 939
"32_82" 3 1 2 936
"32_83" 0 7 1 1176
"32_84" 2 9 1 558
"32_85" 6 0 2 1912
"32_86" 0 2 1 1555
"32_87" 0 2 2 2353
"32_88" 8 8 2 657
"32_89" 2 1 1 4464
"32_90" 6 9 1 3111
"32_91" 7 0 2 618
"32_92" 3 2 1 1894
"32_93" 2 2 1 498
"32_94" 8 6 1 3229
"32_95" 0 1 1 639
"32_96" 3 2 1 1415
"32_97" 0 4 1 1217
"32_98" 3 8 1 658
"32_99" 0 7 1 1575
"32_100" 0 1 1 997
"33_34" 7 9 1 484
"33_42" 3 9 1 573
"33_54" 8 3 2 2191
"33_55" 10 3 2 518
"33_56" 10 4 2 1683
"33_57" 4 8 1 921
"33_58" 10 5 2 678
"33_59" 7 1 2 1037
"33_60" 0 5 1 1831
"33_61" 5 8 1 5183
"33_62" 6 8 2 1069
"33_63" 6 10 1 556
"33_64" 10 7 2 1835
"33_65" 7 6 2 989
"33_66" 3 7 1 817
"33_67" 6 9 1 1532
"33_68" 5 7 2 600
"33_69" 0 0 1 3024
"33_70" 7 10 1 558
"33_71" 7 8 2 1075
"33_72" 5 3 2 738
"33_73" 10 9 2 1256
"33_74" 2 3 1 2160
"33_75" 3 1 2 780
"33_76" 10 7 2 499
"33_77" 7 5 2 804
"33_78" 6 8 2 898
"33_79" 9 4 2 478
"33_80" 7 2 2 753
"33_81" 3 5 2 479
"33_82" 7 7 2 618
"33_83" 9 7 1 1600
"33_84" 6 10 1 266
"33_85" 1 2 1 638
"33_86" 7 9 2 858
"33_87" 0 4 1 617
"33_88" 9 10 1 859
"33_89" 10 10 1 1201
"33_90" 10 8 2 603
"33_91" 5 5 2 1511
"33_92" 3 7 2 1437
"33_93" 10 6 2 1613
"33_94" 0 5 1 1148
"33_95" 10 3 2 607
"33_96" 8 6 1 841
"33_97" 6 9 1 681
"33_98" 5 4 2 957
"33_99" 10 8 1 858
"33_100" 5 10 1 397
"34_1" 4 5 1 1867
"34_2" 5 0 2 1111
"34_3" 7 9 1 989
"34_4" 7 2 2 2722
"34_5" 5 3 2 3662
"34_6" 9 5 2 1483
"34_7" 5 2 2 1592
"34_8" 3 6 1 2205
"34_9" 8 5 2 1432
"34_10" 9 6 2 2373
"34_11" 5 2 2 2770
"34_12" 2 3 1 1951
"34_13" 3 7 1 1415
"34_14" 3 8 1 1266
"34_15" 9 8 2 3086
"34_16" 8 7 2 2626
"34_17" 9 10 1 1712
"34_18" 7 9 1 1413
"34_19" 8 6 2 2663
"34_20" 8 5 2 1273
"34_21" 10 5 2 1254
"34_22" 0 5 1 1510
"34_23" 7 10 1 1185
"34_24" 9 8 2 1810
"34_25" 7 2 2 1487
"34_26" 3 5 1 2301
"34_27" 6 3 2 1765
"34_28" 7 4 2 2707
"34_29" 7 6 2 5432
"34_30" 5 8 1 1648
"34_31" 9 7 2 1290
"34_32" 9 4 2 1250
"34_33" 6 2 2 1606
"34_34" 5 3 2 1847
"34_35" 8 7 2 1349
"34_36" 7 5 2 2349
"34_37" 3 0 2 1530
"34_38" 7 5 2 1268
"34_39" 3 8 1 2682
"34_40" 7 2 2 1894
"34_41" 10 8 2 1833
"34_42" 1 5 1 1469
"34_43" 0 2 1 2986
"34_44" 5 9 1 2145
"34_45" 6 7 1 1324
"34_46" 8 6 2 2351
"34_47" 7 9 1 1820
"34_48" 8 6 2 2127
"34_49" 6 3 2 1333
"34_50" 10 7 2 1136
"34_51" 3 0 2 1751
"34_52" 4 8 1 1714
"34_53" 6 6 2 1845
"34_54" 3 2 2 1770
"34_55" 2 2 2 1829
"34_56" 6 9 1 1372
"34_57" 3 7 1 1357
"34_58" 8 8 2 3668
"34_59" 2 5 1 2532
"34_60" 9 8 2 1937
"34_61" 9 9 2 2926
"34_62" 5 7 2 2529
"34_63" 6 4 2 2670
"34_64" 7 9 1 1195
"34_65" 8 6 2 1667
"34_66" 3 7 1 1652
"34_67" 2 2 1 1593
"34_68" 8 7 2 4351
"34_69" 4 1 2 1594
"34_70" 5 6 1 1255
"34_71" 0 2 1 946
"34_72" 3 2 2 3353
"34_73" 8 7 1 3044
"34_74" 8 3 2 1450
"34_75" 6 8 1 1726
"34_76" 4 8 1 1131
"34_77" 9 4 2 1066
"34_78" 0 5 1 955
"34_79" 8 9 1 2578
"34_80" 5 9 1 1673
"34_81" 6 8 2 2588
"34_82" 3 2 2 3029
"34_83" 8 3 1 1531
"34_84" 0 3 1 2027
"34_85" 7 4 2 1650
"34_86" 3 6 1 1774
"34_87" 6 8 1 1772
"34_88" 9 8 1 3223
"34_89" 6 3 2 1887
"34_90" 3 2 2 2527
"34_91" 4 1 1 2047
"34_92" 8 7 1 3982
"34_93" 7 6 2 4733
"34_94" 8 6 2 1510
"34_95" 3 2 2 4359
"34_96" 2 6 1 1608
"34_97" 8 9 1 1570
"34_98" 7 9 2 3306
"34_99" 2 7 1 2008
"34_100" 6 5 1 2307
"35_1" 0 0 2 4246
"35_2" 1 0 1 2371
"35_3" 1 0 2 1494
"35_4" 4 0 2 716
"35_5" 0 4 1 1048
"35_6" 2 3 2 1181
"35_7" 0 1 1 1473
"35_8" 0 5 2 1016
"35_9" 10 10 2 677
"35_10" 1 0 2 1208
"35_11" 0 0 1 936
"35_12" 1 0 2 814
"35_13" 0 3 1 1998
"35_14" 7 2 2 796
"35_15" 0 0 1 1036
"35_16" 0 0 1 2374
"35_17" 1 3 1 1236
"35_18" 1 3 2 1177
"35_19" 0 0 2 3271
"35_20" 7 5 2 2008
"35_21" 7 10 1 1196
"35_22" 1 6 1 1117
"35_23" 0 5 1 1077
"35_24" 2 0 2 818
"35_25" 4 0 2 1374
"35_26" 0 2 1 1136
"35_27" 0 1 1 976
"35_28" 5 2 1 1114
"35_29" 0 0 2 918
"35_30" 7 3 2 720
"35_31" 0 0 1 2234
"35_32" 5 8 1 737
"35_33" 4 4 1 857
"35_34" 0 5 1 978
"35_35" 5 0 2 1336
"35_36" 5 3 2 697
"35_37" 0 0 2 1135
"35_38" 0 0 2 1990
"35_39" 0 2 1 956
"35_40" 0 1 1 1993
"35_41" 4 5 2 937
"35_42" 5 3 2 717
"35_43" 1 5 2 1135
"35_44" 0 4 1 877
"35_45" 3 3 2 974
"35_46" 1 1 2 1196
"35_47" 5 0 2 1973
"35_48" 3 4 1 1055
"35_49" 5 0 2 559
"35_50" 2 5 2 936
"35_51" 2 1 2 637
"35_52" 0 0 1 1752
"35_53" 3 6 1 817
"35_54" 0 5 1 1236
"35_55" 0 0 1 2171
"35_56" 1 5 2 857
"35_57" 0 5 1 897
"35_58" 0 0 1 737
"35_59" 1 4 1 657
"35_60" 4 0 2 656
"35_61" 0 0 2 1176
"35_62" 5 0 2 818
"35_63" 2 3 2 995
"35_64" 4 0 2 736
"35_65" 4 3 2 578
"35_66" 0 5 1 1017
"35_67" 1 5 1 1536
"35_68" 0 2 1 758
"35_69" 1 0 2 739
"35_70" 0 4 1 716
"35_71" 4 0 2 737
"35_72" 0 0 1 1295
"35_73" 4 1 2 677
"35_74" 4 2 2 558
"35_75" 4 1 2 856
"35_76" 0 0 2 1076
"35_77" 4 1 2 578
"35_78" 2 0 2 1816
"35_79" 0 4 1 678
"35_80" 0 0 2 1213
"35_81" 0 5 1 1075
"35_82" 0 5 1 898
"35_83" 0 3 1 1534
"35_84" 4 7 2 1076
"35_85" 4 8 1 976
"35_86" 10 5 2 798
"35_87" 2 0 2 499
"35_88" 5 0 2 998
"35_89" 0 0 2 1056
"35_90" 8 7 2 977
"35_91" 3 0 2 837
"35_92" 1 5 1 698
"35_93" 4 2 2 1077
"35_94" 2 4 2 1553
"35_95" 0 2 1 837
"35_96" 6 3 2 678
"35_97" 0 5 1 993
"35_98" 10 5 2 935
"35_99" 0 4 1 578
"35_100" 10 5 2 778
"38_1" 3 7 1 760
"38_2" 7 3 2 1056
"38_3" 4 7 1 419
"38_4" 1 2 1 1056
"38_5" 4 3 2 1255
"38_6" 7 7 1 462
"38_7" 5 1 2 729
"38_8" 3 6 1 558
"38_9" 2 3 1 1077
"38_10" 1 6 1 938
"38_11" 0 1 1 1057
"38_12" 2 7 1 519
"38_13" 2 3 1 938
"38_14" 0 2 1 1225
"38_15" 5 1 2 857
"38_16" 2 1 1 1295
"38_17" 3 2 1 1275
"38_18" 2 3 1 1214
"38_19" 1 0 1 1715
"38_20" 0 4 1 645
"38_21" 7 2 2 517
"38_22" 2 1 1 1158
"38_23" 5 7 1 1096
"38_24" 2 2 2 1075
"38_25" 3 4 1 1222
"38_26" 2 3 1 1397
"38_27" 6 4 2 440
"38_28" 0 2 2 1774
"38_29" 3 5 1 585
"38_30" 4 3 2 900
"38_31" 2 2 2 779
"38_32" 5 7 1 498
"38_33" 0 1 2 858
"38_34" 2 3 2 959
"38_35" 3 3 2 1016
"38_36" 2 7 1 857
"38_37" 5 6 1 780
"38_38" 3 0 2 1015
"38_39" 7 2 2 542
"38_40" 6 6 1 1433
"38_41" 5 4 1 981
"38_42" 1 6 1 1235
"38_43" 2 4 1 974
"38_44" 5 0 2 638
"38_45" 3 0 2 1337
"38_46" 0 2 2 1211
"38_47" 3 7 1 419
"38_48" 0 3 1 1098
"38_49" 1 2 2 1153
"38_50" 1 2 2 1241
"38_51" 2 2 2 1414
"38_52" 1 0 1 737
"38_53" 2 3 2 789
"38_54" 3 7 1 418
"38_55" 2 2 2 837
"38_56" 0 2 2 641
"38_57" 0 3 1 639
"38_58" 2 5 1 741
"38_59" 5 4 2 835
"38_60" 3 1 2 997
"38_61" 1 1 1 461
"38_62" 2 4 1 937
"38_63" 2 5 1 1156
"38_64" 1 4 1 797
"38_65" 7 6 2 1158
"38_66" 1 6 1 721
"38_67" 3 2 2 659
"38_68" 7 2 2 957
"38_69" 4 6 1 1076
"38_70" 3 6 1 997
"38_71" 0 3 1 877
"38_72" 6 5 2 1014
"38_73" 0 2 1 1078
"38_74" 3 1 2 1555
"38_75" 8 6 2 876
"38_76" 6 2 2 916
"38_77" 2 3 1 797
"38_78" 5 3 2 1777
"38_79" 4 6 1 634
"38_80" 2 0 2 939
"38_81" 0 0 2 871
"38_82" 3 6 1 956
"38_83" 2 4 1 617
"38_84" 7 3 2 859
"38_85" 8 6 2 280
"38_86" 3 0 1 1142
"38_87" 2 1 2 876
"38_88" 4 1 2 1076
"38_89" 3 2 2 997
"38_90" 1 3 1 777
"38_91" 6 2 1 1216
"38_92" 6 5 2 658
"38_93" 3 2 2 777
"38_94" 2 5 1 777
"38_95" 1 3 1 600
"38_96" 7 2 2 600
"38_97" 2 1 2 697
"38_98" 2 2 1 737
"38_99" 4 7 1 837
"38_100" 0 5 1 780
"39_1" 3 0 2 1217
"39_2" 4 2 1 1435
"39_3" 4 0 2 1729
"39_4" 5 6 2 3804
"39_5" 0 3 2 1711
"39_6" 1 5 1 1954
"39_7" 2 3 1 2175
"39_8" 5 0 2 1389
"39_9" 4 3 1 3008
"39_10" 3 5 1 1889
"39_11" 4 2 1 2985
"39_12" 1 5 1 2464
"39_13" 1 3 1 1970
"39_14" 1 0 2 2391
"39_15" 1 0 2 2104
"39_16" 3 0 2 1714
"39_17" 0 1 2 1158
"39_18" 3 2 1 2313
"39_19" 2 5 1 1348
"39_20" 4 5 1 1291
"39_21" 1 2 2 2131
"39_22" 7 5 2 1018
"39_23" 4 3 1 1372
"39_24" 7 4 2 1452
"39_25" 1 2 1 1350
"39_26" 4 5 1 1157
"39_27" 1 6 1 1831
"39_28" 3 4 2 1455
"39_29" 0 3 1 952
"39_30" 0 2 1 1791
"39_31" 1 0 2 2452
"39_32" 1 5 1 1390
"39_33" 5 4 2 1726
"39_34" 10 5 2 1136
"39_35" 5 5 2 1000
"39_36" 1 5 2 1774
"39_37" 2 1 1 1493
"39_38" 4 5 1 1167
"39_39" 5 4 2 777
"39_40" 5 3 2 1110
"39_41" 1 0 2 1097
"39_42" 2 5 1 997
"39_43" 5 3 2 1335
"39_44" 10 5 1 2166
"39_45" 0 2 1 2093
"39_46" 5 2 1 1455
"39_47" 2 5 1 2152
"39_48" 1 3 1 1873
"39_49" 2 2 1 1911
"39_50" 4 2 1 2413
"39_51" 5 0 2 934
"39_52" 2 2 2 1534
"39_53" 0 5 1 1352
"39_54" 5 2 2 1532
"39_55" 0 1 1 1931
"39_56" 1 0 2 2611
"39_57" 0 2 1 1394
"39_58" 2 0 2 1371
"39_59" 2 1 2 1336
"39_60" 2 5 1 1253
"39_61" 1 1 1 1334
"39_62" 5 0 2 2683
"39_63" 5 0 2 1685
"39_64" 0 1 1 2169
"39_65" 2 4 1 1335
"39_66" 4 4 2 1255
"39_67" 5 2 2 1773
"39_68" 1 0 2 1814
"39_69" 2 4 1 1852
"39_70" 2 3 2 1232
"39_71" 0 0 1 1551
"39_72" 4 5 2 1323
"39_73" 1 2 1 893
"39_74" 1 2 2 1850
"39_75" 5 0 2 1855
"39_76" 0 5 1 1116
"39_77" 5 3 2 736
"39_78" 5 2 2 1136
"39_79" 3 6 2 1990
"39_80" 0 2 1 1052
"39_81" 4 2 1 1957
"39_82" 2 4 1 3149
"39_83" 0 4 1 2190
"39_84" 0 4 1 1588
"39_85" 5 1 2 1713
"39_86" 5 1 2 1787
"39_87" 5 2 2 993
"39_88" 2 3 1 1406
"39_89" 3 4 2 1604
"39_90" 5 5 2 1528
"39_91" 1 4 1 1292
"39_92" 3 4 1 1075
"39_93" 1 4 1 2231
"39_94" 2 3 1 3867
"39_95" 2 5 1 2063
"39_96" 1 1 1 1635
"39_97" 1 1 1 1276
"39_98" 2 7 1 1296
"39_99" 2 3 2 1870
"39_100" 0 2 2 1755
"40_1" 0 4 1 1216
"40_2" 8 5 2 1453
"40_3" 4 0 2 977
"40_4" 4 6 2 974
"40_5" 0 1 1 817
"40_6" 4 6 1 1155
"40_7" 1 4 1 2595
"40_8" 5 4 2 958
"40_9" 2 5 1 1138
"40_10" 2 0 1 2390
"40_11" 3 1 2 1092
"40_12" 2 5 1 1393
"40_13" 2 1 1 1474
"40_14" 4 1 2 976
"40_15" 2 4 2 2016
"40_16" 2 0 2 1674
"40_17" 7 6 2 1035
"40_18" 4 0 2 1255
"40_19" 6 5 1 1117
"40_20" 2 1 2 1156
"40_21" 6 8 1 1155
"40_22" 2 0 2 1254
"40_23" 1 4 2 2092
"40_24" 5 0 2 875
"40_25" 1 0 1 1077
"40_26" 2 1 1 1654
"40_27" 0 4 1 875
"40_28" 4 2 2 1275
"40_29" 4 7 1 1132
"40_30" 3 2 2 1147
"40_31" 4 5 2 3229
"40_32" 1 3 2 1753
"40_33" 2 0 2 920
"40_34" 6 6 1 1394
"40_35" 2 2 2 1872
"40_36" 2 7 2 1272
"40_37" 5 5 2 876
"40_38" 6 1 2 1019
"40_39" 2 7 1 1036
"40_40" 4 2 2 1215
"40_41" 6 5 1 1833
"40_42" 2 5 1 895
"40_43" 6 2 1 1315
"40_44" 7 2 2 1216
"40_45" 4 9 1 1454
"40_46" 1 2 2 2351
"40_47" 7 2 2 1175
"40_48" 5 0 2 876
"40_49" 0 3 1 697
"40_50" 3 4 1 1515
"40_51" 2 4 2 817
"40_52" 8 5 2 1495
"40_53" 5 1 2 957
"40_54" 4 1 2 1713
"40_55" 4 2 2 657
"40_56" 0 0 1 2791
"40_57" 4 1 2 617
"40_58" 7 2 2 937
"40_59" 5 5 1 1016
"40_60" 2 3 1 1653
"40_61" 3 6 1 857
"40_62" 3 6 1 1017
"40_63" 1 0 2 2192
"40_64" 5 4 2 1116
"40_65" 4 2 2 1433
"40_66" 5 1 2 1134
"40_67" 6 2 2 2013
"40_68" 1 6 1 937
"40_69" 5 1 2 1095
"40_70" 7 3 2 2932
"40_71" 5 1 2 1137
"40_72" 5 4 2 1634
"40_73" 7 2 2 857
"40_74" 5 0 2 1151
"40_75" 4 3 1 995
"40_76" 10 6 2 976
"40_77" 2 6 1 897
"40_78" 5 2 2 1176
"40_79" 2 5 1 717
"40_80" 5 8 1 1493
"40_81" 5 9 1 1235
"40_82" 7 2 2 1215
"40_83" 1 6 2 1153
"40_84" 5 7 1 818
"40_85" 6 5 2 938
"40_86" 1 4 1 2053
"40_87" 1 2 2 956
"40_88" 2 6 1 1116
"40_89" 1 2 1 2173
"40_90" 3 0 2 1413
"40_91" 3 0 2 1334
"40_92" 4 2 2 1493
"40_93" 5 6 2 837
"40_94" 8 8 2 2015
"40_95" 1 2 2 1693
"40_96" 5 2 2 1395
"40_97" 2 2 1 1334
"40_98" 3 6 2 2051
"40_99" 4 9 1 1116
"40_100" 9 6 2 1297
"41_1" 2 7 1 912
"41_2" 5 2 2 997
"41_3" 4 5 2 2192
"41_4" 3 2 1 1615
"41_5" 9 4 2 739
"41_6" 5 3 2 1773
"41_7" 8 4 2 1156
"41_8" 5 3 2 1972
"41_9" 0 0 1 1434
"41_10" 6 2 2 3069
"41_11" 4 7 1 1016
"41_12" 2 5 1 1715
"41_13" 5 5 1 2411
"41_14" 7 5 2 1036
"41_15" 7 8 1 1294
"41_16" 5 6 2 2052
"41_17" 0 3 1 1236
"41_18" 4 3 2 1733
"41_19" 7 5 1 2052
"41_20" 4 3 2 934
"41_21" 3 0 2 897
"41_22" 0 4 1 856
"41_23" 4 9 1 1077
"41_24" 4 9 1 4742
"41_25" 5 2 1 3807
"41_26" 4 1 2 2312
"41_27" 4 0 1 1776
"41_28" 3 1 2 2152
"41_29" 4 2 2 1374
"41_30" 4 0 2 936
"41_31" 5 8 1 1255
"41_32" 8 4 2 3288
"41_33" 2 2 2 2692
"41_34" 2 7 1 936
"41_35" 2 4 2 4765
"41_36" 4 3 2 6836
"41_37" 2 0 1 680
"41_38" 5 0 2 896
"41_39" 0 4 1 756
"41_40" 0 2 1 914
"41_41" 3 0 2 1392
"41_42" 2 3 2 7688
"41_43" 9 7 1 5105
"41_44" 7 4 2 3687
"41_45" 2 0 2 1177
"41_46" 8 5 1 4346
"41_47" 5 4 1 1434
"41_48" 0 3 1 836
"41_49" 3 5 1 1057
"41_50" 8 5 2 1876
"41_51" 3 0 2 776
"41_52" 1 5 1 1151
"41_53" 2 0 2 856
"41_54" 2 7 2 4597
"41_55" 5 3 2 697
"41_56" 4 4 1 1011
"41_57" 9 4 2 1713
"41_58" 4 5 1 3451
"41_59" 4 2 2 2929
"41_60" 5 1 2 1176
"41_61" 2 6 1 2055
"41_62" 5 1 2 952
"41_63" 5 5 1 889
"41_64" 6 3 2 717
"41_65" 3 7 1 760
"41_66" 5 4 2 6416
"41_67" 2 7 1 1020
"41_68" 3 1 2 973
"41_69" 2 5 1 1017
"41_70" 3 4 1 618
"41_71" 0 2 1 651
"41_72" 6 5 2 1228
"41_73" 5 2 2 797
"41_74" 4 4 1 1473
"41_75" 6 5 2 2213
"41_76" 5 9 1 1038
"41_77" 5 1 2 3342
"41_78" 0 5 1 873
"41_79" 3 4 1 895
"41_80" 0 0 1 677
"41_81" 0 2 2 833
"41_82" 0 0 1 2333
"41_83" 1 2 1 2750
"41_84" 0 1 2 832
"41_85" 5 3 2 1195
"41_86" 2 3 2 1531
"41_87" 1 2 2 756
"41_88" 7 3 2 1016
"41_89" 4 0 2 1973
"41_90" 9 4 2 697
"41_91" 2 0 2 2169
"41_92" 3 2 2 1357
"41_93" 3 2 2 1155
"41_94" 2 2 1 637
"41_95" 0 2 2 760
"41_96" 5 4 2 917
"41_97" 2 3 1 1895
"41_98" 4 4 1 778
"41_99" 3 5 1 3922
"41_100" 3 5 1 875
"42_1" 1 0 1 677
"42_2" 5 7 2 655
"42_3" 0 0 1 1076
"42_4" 4 1 2 2194
"42_5" 1 1 1 1757
"42_6" 4 1 2 1437
"42_7" 1 1 2 1632
"42_8" 3 1 2 1353
"42_9" 5 4 2 758
"42_10" 5 9 1 1036
"42_11" 3 0 1 1535
"42_12" 1 0 1 1296
"42_13" 1 1 2 1174
"42_14" 4 3 2 616
"42_15" 4 0 2 617
"42_16" 1 5 1 895
"42_17" 5 9 1 538
"42_18" 4 1 2 758
"42_19" 4 0 2 462
"42_20" 1 2 1 893
"42_21" 3 5 1 618
"42_22" 0 1 2 336
"42_23" 3 0 2 579
"42_24" 0 5 1 358
"42_25" 1 4 1 441
"42_26" 9 4 2 537
"42_27" 7 4 2 396
"42_28" 2 1 2 535
"42_29" 3 0 2 498
"42_30" 3 6 2 618
"42_31" 5 3 2 437
"42_32" 4 2 1 518
"42_33" 1 4 1 856
"42_34" 7 8 2 516
"42_35" 2 4 2 856
"42_36" 5 3 2 754
"42_37" 0 0 2 837
"42_38" 4 0 2 498
"42_39" 8 3 2 516
"42_40" 5 6 2 500
"42_41" 0 0 2 615
"42_42" 0 3 1 817
"42_43" 1 5 1 418
"42_44" 0 3 1 517
"42_45" 0 1 2 720
"42_46" 2 1 2 598
"42_47" 4 7 2 977
"42_48" 0 3 1 1146
"42_49" 1 0 2 796
"42_50" 6 2 2 459
"42_51" 1 2 2 937
"42_52" 1 1 1 559
"42_53" 1 3 1 439
"42_54" 1 4 1 812
"42_55" 0 4 2 657
"42_56" 7 4 1 295
"42_57" 3 1 2 437
"42_58" 6 10 2 397
"42_59" 7 2 2 777
"42_60" 1 3 1 301
"42_61" 3 4 1 709
"42_62" 4 4 1 914
"42_63" 4 5 1 679
"42_64" 1 3 1 459
"42_65" 2 3 1 349
"42_66" 4 3 1 754
"42_67" 1 3 1 1039
"42_68" 9 8 2 459
"42_69" 0 5 1 438
"42_70" 1 1 2 615
"42_71" 3 1 2 537
"42_72" 0 4 1 656
"42_73" 2 1 1 818
"42_74" 0 2 2 362
"42_75" 1 0 2 736
"42_76" 9 7 2 339
"42_77" 3 0 2 557
"42_78" 1 0 1 696
"42_79" 0 0 2 1217
"42_80" 7 3 2 636
"42_81" 3 0 2 916
"42_82" 6 1 2 460
"42_83" 0 1 2 955
"42_84" 0 1 2 538
"42_85" 0 3 1 935
"42_86" 3 0 2 618
"42_87" 6 3 1 590
"42_88" 3 0 2 475
"42_89" 4 9 2 413
"42_90" 5 1 2 496
"42_91" 0 1 2 939
"42_92" 3 3 2 693
"42_93" 5 1 2 477
"42_94" 1 3 2 737
"42_95" 4 1 2 809
"42_96" 3 2 1 974
"42_97" 0 0 2 875
"42_98" 5 2 2 901
"42_99" 0 5 1 397
"42_100" 5 1 2 479
"44_1" 4 1 1 1617
"44_2" 3 5 2 1175
"44_3" 2 4 1 1777
"44_4" 2 5 2 1852
"44_5" 2 3 2 1694
"44_6" 3 2 1 2094
"44_7" 6 4 2 2055
"44_8" 4 3 2 1652
"44_9" 5 2 1 2049
"44_10" 3 5 2 1931
"44_11" 5 2 2 1493
"44_12" 6 1 2 3967
"44_13" 2 6 1 1815
"44_14" 4 3 2 2349
"44_15" 4 5 2 3067
"44_16" 6 3 2 1152
"44_17" 4 2 1 4401
"44_18" 0 2 1 7308
"44_19" 4 4 1 3604
"44_20" 6 2 2 2591
"44_21" 2 2 2 3325
"44_22" 4 3 1 1735
"44_23" 4 4 2 3204
"44_24" 3 3 2 4720
"44_25" 3 2 1 1977
"44_26" 3 6 1 2908
"44_27" 3 6 1 1156
"44_28" 4 2 2 1432
"44_29" 3 6 2 1929
"44_30" 2 5 2 2073
"44_31" 4 5 2 1556
"44_32" 5 4 1 1293
"44_33" 3 2 2 2172
"44_34" 4 5 2 3844
"44_35" 5 5 2 1512
"44_36" 2 4 2 1355
"44_37" 5 6 1 2415
"44_38" 2 1 2 6939
"44_39" 2 3 1 4674
"44_40" 3 4 1 1675
"44_41" 2 3 1 1131
"44_42" 2 5 2 1312
"44_43" 2 1 2 4123
"44_44" 2 2 2 1036
"44_45" 3 3 1 975
"44_46" 2 0 2 1596
"44_47" 3 3 1 1179
"44_48" 3 3 1 2169
"44_49" 5 3 1 1035
"44_50" 5 3 1 1968
"44_51" 5 3 1 1158
"44_52" 3 5 2 1537
"44_53" 4 6 1 1135
"44_54" 1 4 1 1720
"44_55" 4 2 2 1556
"44_56" 2 6 1 1986
"44_57" 3 2 2 1314
"44_58" 5 2 1 1908
"44_59" 0 3 1 917
"44_60" 2 3 1 1093
"44_61" 2 3 2 4376
"44_62" 3 0 2 1234
"44_63" 3 2 1 1202
"44_64" 3 3 2 1494
"44_65" 5 2 1 1317
"44_66" 3 1 2 1433
"44_67" 5 3 1 1277
"44_68" 4 3 2 1572
"44_69" 0 0 1 1693
"44_70" 5 2 2 1554
"44_71" 3 5 1 2004
"44_72" 2 3 2 1732
"44_73" 1 2 1 1690
"44_74" 2 2 2 4041
"44_75" 3 3 2 4485
"44_76" 2 3 1 1392
"44_77" 1 6 1 1037
"44_78" 2 4 1 1475
"44_79" 2 0 2 1290
"44_80" 2 3 2 1669
"44_81" 1 3 1 1896
"44_82" 5 0 2 1114
"44_83" 2 0 1 1176
"44_84" 4 2 1 1374
"44_85" 3 4 2 1155
"44_86" 4 5 2 3009
"44_87" 3 3 2 1015
"44_88" 4 2 2 2313
"44_89" 3 2 2 3329
"44_90" 3 2 2 1520
"44_91" 0 3 1 2009
"44_92" 0 5 2 2747
"44_93" 5 4 1 2530
"44_94" 1 3 2 1530
"44_95" 5 1 2 1336
"44_96" 3 4 1 1653
"44_97" 3 2 2 1509
"44_98" 4 5 2 2070
"44_99" 3 1 2 1752
"44_100" 2 5 2 2848
"45_1" 4 2 2 2393
"45_2" 3 2 2 2973
"45_3" 3 0 2 2372
"45_4" 0 3 1 2691
"45_5" 4 3 2 2410
"45_6" 4 2 2 238
"45_7" 4 5 1 5007
"45_8" 3 5 2 3668
"45_9" 3 1 2 1832
"45_10" 1 2 1 5168
"45_11" 0 4 1 1395
"45_12" 0 4 1 2910
"45_13" 4 5 1 1335
"45_14" 5 5 1 4563
"45_15" 4 5 1 14313
"45_16" 2 5 1 1932
"45_17" 0 4 1 1774
"45_18" 4 8 1 2750
"45_19" 5 8 2 3587
"45_20" 5 5 1 1196
"45_21" 2 1 2 6182
"45_22" 2 1 2 8711
"45_23" 5 1 2 2629
"45_24" 2 7 1 1334
"45_25" 3 2 2 1713
"45_26" 4 5 1 4167
"45_27" 1 6 1 1298
"45_28" 5 3 1 5437
"45_29" 3 5 1 6259
"45_30" 4 4 1 1934
"45_31" 2 4 2 3416
"45_32" 8 6 1 1934
"45_33" 3 0 2 2173
"45_34" 3 3 1 697
"45_35" 5 3 1 7691
"45_36" 2 3 1 2691
"45_37" 2 4 1 1455
"45_38" 3 2 1 2835
"45_39" 7 4 2 1413
"45_40" 1 3 1 3487
"45_41" 2 3 1 4661
"45_42" 5 1 2 1155
"45_43" 3 5 1 8772
"45_44" 2 4 1 936
"45_45" 1 4 1 2251
"45_46" 6 5 2 1214
"45_47" 2 4 1 1274
"45_48" 2 4 1 2213
"45_49" 2 0 2 3405
"45_50" 3 4 1 1176
"45_51" 4 4 2 10682
"45_52" 1 4 2 3644
"45_53" 1 2 2 13531
"45_54" 2 4 1 3667
"45_55" 1 4 2 4862
"45_56" 2 4 2 3946
"45_57" 3 3 1 2316
"45_58" 4 7 1 677
"45_59" 3 1 1 1076
"45_60" 2 4 1 676
"45_61" 4 1 2 1416
"45_62" 4 1 2 1634
"45_63" 5 6 1 1056
"45_64" 0 2 1 1875
"45_65" 3 1 2 1395
"45_66" 4 5 2 1040
"45_67" 4 3 2 1236
"45_68" 4 7 1 995
"45_69" 1 5 1 877
"45_70" 3 3 2 2551
"45_71" 4 2 2 3009
"45_72" 2 2 1 1852
"45_73" 0 5 1 736
"45_74" 1 0 2 1693
"45_75" 8 3 2 1673
"45_76" 0 2 1 2890
"45_77" 5 10 1 2370
"45_78" 1 0 2 1234
"45_79" 3 5 1 4890
"45_80" 3 4 2 4783
"45_81" 2 7 1 1116
"45_82" 6 2 2 1694
"45_83" 10 5 2 1778
"45_84" 3 4 1 2233
"45_85" 2 2 2 2513
"45_86" 1 5 1 1036
"45_87" 7 3 2 1015
"45_88" 4 3 1 743
"45_89" 0 1 1 4841
"45_90" 2 3 1 1596
"45_91" 5 2 2 3566
"45_92" 3 4 2 8891
"45_93" 4 6 1 1216
"45_94" 5 0 2 976
"45_95" 2 2 1 1902
"45_96" 4 0 2 977
"45_97" 0 2 2 3487
"45_98" 5 8 1 1754
"45_99" 8 5 1 1913
"45_100" 0 2 1 1056
"46_1" 7 5 2 1212
"46_2" 2 7 1 540
"46_3" 2 0 1 1922
"46_4" 7 5 2 833
"46_5" 0 3 1 1140
"46_6" 5 5 2 1556
"46_7" 0 1 1 2489
"46_8" 0 1 1 3710
"46_9" 3 7 1 2506
"46_10" 0 0 2 1710
"46_11" 7 7 2 4086
"46_12" 7 2 2 1011
"46_13" 3 2 2 4105
"46_14" 1 3 1 1255
"46_15" 3 0 2 1195
"46_16" 1 1 2 2085
"46_17" 5 0 2 1633
"46_18" 5 0 2 2501
"46_19" 2 3 1 2088
"46_20" 1 1 2 1811
"46_21" 3 5 1 1008
"46_22" 5 7 1 2450
"46_23" 0 5 1 1892
"46_24" 3 5 1 2036
"46_25" 3 2 2 3863
"46_26" 5 5 2 3682
"46_27" 1 5 1 972
"46_28" 5 5 1 2336
"46_29" 3 5 1 5043
"46_30" 5 3 2 3606
"46_31" 5 0 2 3846
"46_32" 3 1 2 4219
"46_33" 5 5 2 4937
"46_34" 0 0 2 2172
"46_35" 1 0 2 1951
"46_36" 7 5 2 1848
"46_37" 3 1 2 5441
"46_38" 5 1 2 1174
"46_39" 2 2 1 3105
"46_40" 5 7 1 931
"46_41" 5 2 2 1057
"46_42" 1 5 1 1200
"46_43" 5 5 1 2111
"46_44" 5 5 1 1812
"46_45" 0 0 1 4107
"46_46" 1 2 2 2795
"46_47" 7 5 2 1514
"46_48" 7 2 2 875
"46_49" 0 2 2 2212
"46_50" 1 0 2 1785
"46_51" 0 0 1 4250
"46_52" 0 0 2 1153
"46_53" 5 1 2 715
"46_55" 7 5 2 1296
"46_56" 5 7 2 692
"46_57" 2 5 1 498
"46_58" 3 0 2 3011
"46_59" 5 5 1 1292
"46_60" 1 3 2 1528
"46_61" 7 5 2 1014
"46_62" 5 5 1 1736
"46_63" 2 1 2 3150
"46_64" 5 7 1 1627
"46_65" 5 2 2 1215
"46_66" 5 5 2 5702
"46_67" 2 1 1 1389
"46_68" 5 2 2 1236
"46_69" 5 3 2 3742
"46_70" 5 3 2 1854
"46_71" 5 7 1 1886
"46_72" 0 0 2 1071
"46_73" 7 3 2 789
"46_74" 2 1 1 1266
"46_75" 0 3 1 1115
"46_76" 5 3 1 7041
"46_77" 2 7 1 1907
"46_78" 7 3 2 1192
"46_79" 5 2 2 373
"46_80" 7 5 2 761
"46_81" 2 0 2 813
"46_82" 7 5 2 2207
"46_83" 3 7 1 2134
"46_84" 3 7 1 1473
"46_85" 5 3 1 4009
"46_87" 5 2 2 1357
"46_88" 0 5 1 842
"46_89" 7 7 1 2248
"46_90" 1 0 2 1684
"46_91" 3 0 2 804
"46_92" 0 2 2 877
"46_93" 7 5 2 1155
"46_94" 1 3 2 781
"46_95" 7 5 2 682
"46_96" 5 0 2 957
"46_97" 2 1 1 836
"46_98" 3 1 2 1117
"46_99" 5 3 2 1731
"46_100" 3 5 1 1691
"47_1" 0 0 2 4683
"47_2" 0 3 1 2073
"47_3" 0 1 1 1993
"47_4" 6 1 2 1654
"47_5" 0 3 1 2810
"47_6" 1 1 2 2432
"47_7" 4 1 2 1036
"47_8" 0 4 1 839
"47_9" 4 0 2 2152
"47_10" 3 0 2 2272
"47_11" 3 3 1 1416
"47_12" 1 2 2 1734
"47_13" 1 1 2 1254
"47_14" 0 0 1 1096
"47_15" 0 3 1 1276
"47_16" 0 1 2 1614
"47_17" 1 1 2 2391
"47_18" 4 1 2 759
"47_19" 1 1 1 1476
"47_20" 3 3 1 1115
"47_21" 0 4 1 858
"47_22" 6 4 1 837
"47_23" 1 0 1 1415
"47_24" 3 0 1 1136
"47_25" 1 0 1 1473
"47_26" 6 1 2 837
"47_27" 3 4 1 618
"47_28" 5 2 2 596
"47_29" 1 1 2 996
"47_30" 3 0 1 757
"47_31" 1 1 1 2175
"47_32" 2 3 1 2712
"47_33" 1 2 1 1295
"47_34" 3 1 1 3709
"47_35" 1 4 1 2810
"47_36" 1 1 2 2691
"47_37" 0 1 2 2551
"47_38" 1 0 1 3129
"47_39" 1 1 1 1036
"47_40" 0 0 1 3449
"47_41" 0 3 1 837
"47_42" 2 1 2 1057
"47_43" 1 3 1 1476
"47_44" 1 0 1 1056
"47_45" 8 3 2 956
"47_46" 3 1 2 817
"47_47" 1 0 2 1376
"47_48" 3 1 2 1216
"47_49" 1 6 1 658
"47_50" 0 5 1 478
"47_51" 1 0 1 936
"47_52" 1 0 1 1694
"47_53" 6 1 2 720
"47_54" 3 3 2 1596
"47_55" 2 2 2 876
"47_56" 2 0 1 1913
"47_57" 1 0 2 2332
"47_58" 2 1 2 559
"47_59" 0 2 1 657
"47_60" 0 0 2 3268
"47_61" 4 1 2 955
"47_62" 4 0 2 797
"47_63" 5 4 2 896
"47_64" 1 4 1 518
"47_65" 0 1 1 1873
"47_66" 5 8 2 738
"47_67" 1 3 1 1755
"47_68" 7 3 2 756
"47_69" 1 1 2 1695
"47_70" 3 0 2 1953
"47_71" 2 1 1 2950
"47_72" 2 1 1 1893
"47_73" 1 0 2 3668
"47_74" 0 2 1 1415
"47_75" 0 4 1 898
"47_76" 1 1 1 2512
"47_77" 2 1 1 998
"47_78" 1 4 1 936
"47_79" 1 1 1 2553
"47_80" 5 9 2 4027
"47_81" 0 1 2 1016
"47_82" 2 1 2 717
"47_83" 4 0 2 959
"47_84" 1 4 1 578
"47_85" 5 0 2 717
"47_86" 6 3 2 1495
"47_87" 1 5 1 598
"47_88" 0 1 1 1852
"47_89" 0 1 2 2174
"47_90" 0 1 2 2292
"47_91" 0 4 1 657
"47_92" 5 3 2 439
"47_93" 5 1 2 679
"47_94" 1 1 1 2494
"47_95" 3 7 1 577
"47_96" 5 0 2 458
"47_97" 5 1 2 438
"47_98" 3 5 1 677
"47_99" 4 1 2 798
"47_100" 0 1 1 2291
"48_1" 1 0 2 1813
"48_2" 1 1 1 2731
"48_3" 1 0 2 2311
"48_4" 0 2 1 2312
"48_5" 2 0 2 4364
"48_6" 0 1 1 3447
"48_7" 3 4 1 2272
"48_8" 0 0 2 8152
"48_9" 1 2 1 1256
"48_10" 0 3 1 1018
"48_11" 0 0 2 2894
"48_12" 0 1 2 1836
"48_13" 4 2 2 1116
"48_14" 0 5 1 1496
"48_15" 2 0 1 4404
"48_16" 0 0 1 5977
"48_17" 0 1 1 1197
"48_18" 4 1 2 1615
"48_19" 4 1 2 1278
"48_20" 2 1 2 1876
"48_21" 1 2 1 4246
"48_22" 4 4 1 4086
"48_23" 5 4 2 1934
"48_24" 2 5 1 1157
"48_25" 4 2 2 1853
"48_26" 1 4 1 1174
"48_27" 1 0 2 3406
"48_28" 3 0 2 3508
"48_29" 2 1 1 1893
"48_30" 4 5 1 1174
"48_31" 2 1 1 2432
"48_32" 2 0 1 5002
"48_33" 1 4 1 1592
"48_34" 1 1 1 1076
"48_35" 1 3 1 3049
"48_36" 1 0 2 2549
"48_37" 0 3 1 1574
"48_38" 2 4 1 1516
"48_39" 5 0 2 2050
"48_40" 0 0 1 6033
"48_41" 2 4 1 978
"48_42" 0 1 1 4401
"48_43" 1 2 2 2635
"48_44" 3 0 1 2332
"48_45" 0 3 1 6913
"48_46" 1 1 1 2887
"48_47" 0 1 1 3787
"48_48" 1 3 1 1474
"48_49" 0 3 2 3999
"48_50" 4 0 2 933
"48_51" 0 1 1 1592
"48_52" 1 1 1 1512
"48_53" 2 1 1 937
"48_54" 1 0 2 1356
"48_55" 1 2 1 2969
"48_56" 0 2 1 1974
"48_57" 3 1 2 993
"48_58" 0 1 1 1933
"48_59" 3 3 2 2266
"48_60" 0 3 1 2652
"48_61" 1 1 1 2432
"48_62" 0 5 1 996
"48_63" 0 0 1 2253
"48_64" 3 0 2 738
"48_65" 0 0 2 2686
"48_66" 1 4 1 1036
"48_67" 3 1 2 2232
"48_68" 0 0 2 4086
"48_69" 0 1 2 2652
"48_70" 0 2 1 1216
"48_71" 0 2 1 5020
"48_72" 0 0 1 1695
"48_73" 0 3 1 937
"48_74" 1 0 2 1057
"48_75" 0 0 1 2312
"48_76" 0 1 1 1056
"48_77" 4 0 2 1134
"48_78" 0 1 1 857
"48_79" 3 1 2 974
"48_80" 0 0 2 1595
"48_81" 0 3 1 1219
"48_82" 0 2 1 917
"48_83" 2 0 2 757
"48_84" 1 1 1 2491
"48_85" 2 3 1 2869
"48_86" 0 2 1 2447
"48_87" 2 1 1 2190
"48_88" 0 1 1 697
"48_89" 0 2 1 2613
"48_90" 0 0 2 5182
"48_91" 2 5 1 917
"48_92" 0 2 1 758
"48_93" 4 0 2 1019
"48_94" 1 3 1 679
"48_95" 0 0 1 1834
"48_96" 2 1 2 1036
"48_97" 0 0 1 2057
"48_98" 0 4 1 2094
"48_99" 0 4 1 618
"48_100" 1 5 1 1236
"49_1" 6 4 2 1055
"49_2" 3 1 2 676
"49_3" 0 0 1 816
"49_4" 3 8 1 578
"49_5" 0 3 1 1594
"49_6" 3 5 1 836
"49_7" 5 4 2 718
"49_8" 0 5 1 776
"49_9" 4 0 1 936
"49_10" 4 0 2 935
"49_11" 5 8 1 1117
"49_12" 0 1 1 755
"49_13" 3 1 1 835
"49_14" 5 7 1 996
"49_15" 2 0 2 1536
"49_16" 5 5 2 1335
"49_17" 0 5 1 1275
"49_18" 3 2 2 1355
"49_19" 4 3 2 1238
"49_20" 5 0 2 817
"49_21" 0 4 1 997
"49_22" 5 5 1 1098
"49_23" 1 2 2 1437
"49_24" 1 5 1 1356
"49_25" 0 4 1 2650
"49_26" 7 4 2 641
"49_27" 6 5 1 1196
"49_28" 7 4 2 758
"49_29" 3 0 2 837
"49_30" 0 3 1 740
"49_31" 4 4 1 1276
"49_32" 5 3 2 877
"49_33" 7 8 1 577
"49_34" 0 1 1 854
"49_35" 0 0 1 994
"49_36" 7 7 2 1494
"49_37" 0 5 1 700
"49_38" 7 6 1 1075
"49_39" 6 6 2 1673
"49_40" 3 3 1 1115
"49_41" 0 4 1 1195
"49_42" 2 4 2 1856
"49_43" 5 0 2 997
"49_44" 1 0 2 1176
"49_45" 5 6 1 656
"49_46" 3 5 1 799
"49_47" 3 0 2 1014
"49_48" 4 3 2 996
"49_49" 5 5 1 1453
"49_50" 6 10 1 979
"49_51" 0 3 1 1194
"49_52" 10 6 2 497
"49_53" 8 5 2 672
"49_54" 4 0 2 853
"49_55" 2 2 1 1805
"49_56" 3 3 1 917
"49_57" 3 3 2 1215
"49_58" 4 1 2 657
"49_59" 7 4 2 1156
"49_60" 1 3 1 1055
"49_61" 6 5 1 1395
"49_62" 0 2 2 1197
"49_63" 7 5 2 1894
"49_64" 0 2 1 1136
"49_65" 6 5 2 1037
"49_66" 0 0 1 1035
"49_67" 0 4 1 1170
"49_68" 0 3 1 1374
"49_69" 6 5 1 2550
"49_70" 3 4 1 1256
"49_71" 4 5 1 995
"49_72" 1 4 1 1076
"49_73" 0 3 1 1198
"49_74" 5 7 1 935
"49_75" 1 2 2 813
"49_76" 5 4 2 1676
"49_77" 7 8 2 740
"49_78" 8 5 2 895
"49_79" 8 5 1 1098
"49_80" 8 4 2 600
"49_81" 5 0 2 1393
"49_82" 5 2 2 1194
"49_83" 5 2 2 934
"49_84" 7 5 2 862
"49_85" 6 3 2 917
"49_86" 1 3 2 1355
"49_87" 4 5 2 1227
"49_88" 0 5 1 777
"49_89" 0 1 2 1113
"49_90" 2 4 1 718
"49_91" 4 0 2 635
"49_92" 0 3 2 1097
"49_93" 3 5 1 1534
"49_94" 1 3 1 758
"49_95" 3 6 1 677
"49_96" 0 5 1 1097
"49_97" 0 2 1 561
"49_98" 5 5 1 719
"49_99" 4 3 1 816
"49_100" 7 4 2 739
"51_1" 3 1 2 3098
"51_2" 0 1 2 2889
"51_3" 1 3 1 3546
"51_4" 0 1 1 2864
"51_5" 0 3 1 1948
"51_6" 2 2 1 1778
"51_7" 0 2 2 2643
"51_8" 1 3 1 1311
"51_9" 4 1 2 1119
"51_10" 0 1 1 1479
"51_11" 2 4 1 1349
"51_12" 2 2 1 1872
"51_13" 0 2 2 3688
"51_14" 0 2 1 1776
"51_15" 3 2 2 1357
"51_16" 2 0 2 2072
"51_17" 2 0 2 1199
"51_18" 1 2 2 2790
"51_19" 1 0 2 3112
"51_20" 2 2 2 3410
"51_21" 3 0 2 882
"51_22" 3 2 1 3612
"51_23" 2 3 2 2617
"51_24" 5 1 2 1257
"51_25" 1 0 2 1713
"51_26" 3 1 2 1431
"51_27" 2 0 2 956
"51_28" 1 2 1 937
"51_29" 2 0 2 1372
"51_30" 2 0 2 1696
"51_31" 0 5 1 656
"51_32" 3 2 1 1891
"51_33" 1 0 1 1176
"51_34" 2 4 1 1893
"51_35" 1 1 1 816
"51_36" 2 1 2 1078
"51_37" 0 2 1 1271
"51_38" 0 2 1 633
"51_39" 0 2 1 975
"51_40" 2 2 2 1710
"51_41" 2 1 2 1219
"51_42" 2 1 1 3345
"51_43" 1 2 1 892
"51_44" 2 1 2 913
"51_45" 1 0 2 3387
"51_46" 2 3 2 1953
"51_47" 1 2 2 1815
"51_48" 4 2 2 1798
"51_49" 1 0 2 2770
"51_50" 1 0 2 1133
"51_51" 0 4 1 1136
"51_52" 1 0 1 2371
"51_53" 3 0 2 1577
"51_54" 0 0 1 1493
"51_55" 2 4 1 1672
"51_56" 2 3 1 1214
"51_57" 4 2 2 1173
"51_58" 1 0 2 2473
"51_59" 4 3 2 1953
"51_60" 2 1 2 397
"51_61" 1 2 2 2276
"51_62" 1 1 2 1713
"51_63" 2 3 1 1336
"51_64" 0 1 1 1195
"51_65" 0 4 1 2412
"51_66" 0 1 1 2113
"51_67" 2 3 1 1576
"51_68" 1 4 1 1216
"51_69" 4 3 2 1672
"51_70" 2 0 2 3226
"51_71" 0 0 1 1356
"51_72" 2 1 1 1378
"51_73" 3 2 2 1828
"51_74" 1 0 2 2491
"51_75" 1 1 2 1307
"51_76" 0 4 1 935
"51_77" 3 2 2 1713
"51_78" 1 1 2 1055
"51_79" 0 3 1 856
"51_80" 0 1 2 674
"51_81" 4 3 1 1533
"51_82" 2 1 1 1374
"51_83" 1 2 1 1607
"51_84" 0 0 2 1336
"51_85" 1 0 2 2274
"51_86" 2 1 2 1295
"51_87" 5 3 2 979
"51_88" 2 2 1 1854
"51_89" 1 0 2 1338
"51_90" 4 1 2 817
"51_91" 3 2 2 2474
"51_92" 2 2 2 956
"51_93" 2 0 2 1244
"51_94" 1 1 2 1235
"51_95" 2 2 2 1137
"51_96" 0 1 1 1670
"51_97" 1 4 1 1096
"51_98" 0 0 2 1474
"51_99" 0 0 1 2332
"51_100" 5 2 2 996
"52_1" 2 5 2 705
"52_2" 2 0 2 976
"52_3" 0 2 2 1277
"52_4" 2 6 1 279
"52_5" 2 3 2 417
"52_6" 2 1 2 818
"52_7" 5 5 2 1118
"52_8" 5 6 1 618
"52_9" 4 6 1 996
"52_10" 3 0 1 1736
"52_11" 4 2 2 658
"52_12" 3 4 1 998
"52_13" 3 0 2 617
"52_14" 0 2 2 2574
"52_15" 3 0 1 1160
"52_16" 3 3 2 637
"52_17" 0 2 1 935
"52_18" 2 3 1 1654
"52_19" 2 2 2 500
"52_20" 1 1 2 875
"52_21" 2 2 2 1178
"52_22" 2 2 2 779
"52_23" 2 0 2 1993
"52_24" 4 2 2 540
"52_25" 0 2 1 796
"52_26" 3 1 2 518
"52_27" 2 2 2 1298
"52_28" 2 3 1 1277
"52_29" 5 6 1 380
"52_30" 2 2 1 995
"52_31" 2 1 1 2213
"52_32" 1 0 2 1094
"52_33" 0 2 2 2091
"52_34" 4 5 1 678
"52_35" 2 0 2 823
"52_36" 4 2 2 815
"52_37" 3 0 2 956
"52_38" 3 2 1 498
"52_39" 5 5 2 636
"52_40" 4 2 1 1617
"52_41" 2 4 1 974
"52_42" 0 2 2 1074
"52_43" 2 0 2 1155
"52_44" 2 3 1 558
"52_45" 6 6 2 498
"52_46" 2 5 2 702
"52_47" 2 1 2 617
"52_48" 0 3 1 935
"52_49" 0 2 1 718
"52_50" 1 0 2 718
"52_51" 3 1 2 816
"52_52" 0 1 1 1120
"52_53" 5 2 2 437
"52_54" 2 1 2 702
"52_55" 2 6 1 400
"52_56" 5 4 2 758
"52_57" 4 5 2 1013
"52_58" 2 2 2 1291
"52_59" 2 0 1 895
"52_60" 4 0 2 797
"52_61" 4 2 2 955
"52_62" 4 3 2 481
"52_63" 4 0 2 839
"52_64" 4 3 2 398
"52_65" 0 0 1 896
"52_66" 4 9 2 677
"52_67" 6 2 2 720
"52_68" 4 1 2 718
"52_69" 4 3 1 659
"52_70" 3 0 2 498
"52_71" 5 2 2 557
"52_72" 2 2 2 374
"52_73" 6 5 2 519
"52_74" 2 2 2 678
"52_75" 2 2 2 1079
"52_76" 2 2 2 896
"52_77" 5 0 2 794
"52_78" 3 4 1 777
"52_79" 3 3 1 659
"52_80" 3 2 2 1415
"52_81" 2 2 1 500
"52_82" 6 2 2 499
"52_83" 5 2 2 676
"52_84" 6 5 2 439
"52_85" 0 2 1 658
"52_86" 2 2 2 997
"52_87" 1 5 1 681
"52_88" 2 4 2 1373
"52_89" 0 0 1 818
"52_90" 4 2 2 677
"52_91" 4 7 1 460
"52_92" 1 4 1 441
"52_93" 5 2 2 816
"52_94" 4 6 1 357
"52_95" 2 0 2 1097
"52_96" 0 2 1 1217
"52_97" 0 2 2 1616
"52_98" 2 2 1 618
"52_99" 1 3 1 657
"52_100" 0 2 2 1157
"53_1" 3 2 2 599
"53_2" 2 0 2 1435
"53_3" 1 0 1 1114
"53_4" 1 3 1 140
"53_5" 5 2 2 978
"53_6" 2 2 1 1336
"53_7" 0 2 2 936
"53_8" 1 1 1 1536
"53_9" 3 5 2 1362
"53_10" 2 2 2 941
"53_11" 0 0 1 1101
"53_12" 5 2 2 1021
"53_13" 2 0 2 1254
"53_14" 7 5 1 938
"53_15" 2 5 1 519
"53_16" 0 2 1 2696
"53_17" 0 0 1 2054
"53_18" 2 0 2 1236
"53_19" 0 5 1 1239
"53_20" 0 5 1 2852
"53_21" 3 0 2 5252
"53_22" 0 2 1 1279
"53_23" 1 5 1 1098
"53_24" 2 3 1 377
"53_25" 0 2 1 1173
"53_26" 0 2 2 2033
"53_27" 3 3 2 1125
"53_28" 0 5 1 976
"53_29" 1 1 2 1514
"53_30" 0 0 2 1135
"53_31" 2 1 1 1953
"53_32" 2 0 2 975
"53_33" 2 0 2 857
"53_34" 5 10 1 753
"53_35" 3 3 2 540
"53_36" 0 0 2 1175
"53_37" 2 5 1 1513
"53_38" 3 0 2 977
"53_39" 7 3 1 438
"53_40" 3 8 1 1116
"53_41" 2 3 2 757
"53_42" 5 1 1 1972
"53_43" 3 1 2 876
"53_44" 7 3 2 898
"53_45" 3 2 2 1173
"53_46" 2 0 1 1096
"53_47" 7 3 2 704
"53_48" 7 2 2 1695
"53_49" 3 0 1 2472
"53_50" 3 2 2 1253
"53_51" 1 3 1 1474
"53_52" 10 6 2 637
"53_53" 0 0 2 2252
"53_54" 2 0 1 1496
"53_55" 2 2 2 1036
"53_56" 2 5 1 1016
"53_57" 1 2 1 1032
"53_58" 3 0 2 914
"53_59" 5 3 2 1315
"53_60" 3 0 2 896
"53_61" 0 3 1 1374
"53_62" 0 2 1 1837
"53_63" 6 3 2 1472
"53_64" 5 5 1 1196
"53_65" 0 2 1 1156
"53_66" 3 1 2 1654
"53_67" 0 2 1 1255
"53_68" 3 0 2 837
"53_69" 0 5 1 679
"53_70" 0 1 1 617
"53_71" 6 7 1 938
"53_72" 0 0 1 719
"53_73" 5 0 2 1774
"53_74" 1 0 1 1955
"53_75" 5 3 2 1138
"53_76" 2 0 1 4410
"53_77" 0 3 1 578
"53_78" 5 0 2 837
"53_79" 6 1 1 1238
"53_80" 2 0 2 953
"53_81" 7 3 2 837
"53_82" 2 2 2 1016
"53_83" 5 0 2 716
"53_84" 0 0 1 654
"53_85" 1 0 2 1077
"53_86" 5 0 2 518
"53_87" 7 2 2 776
"53_88" 5 6 1 658
"53_89" 3 6 1 1297
"53_90" 0 2 2 2174
"53_91" 0 0 2 1336
"53_92" 0 2 2 1354
"53_93" 0 0 2 1093
"53_94" 0 2 1 617
"53_95" 10 5 2 581
"53_96" 1 2 1 877
"53_97" 3 0 2 937
"53_98" 0 0 1 1394
"53_99" 5 3 2 598
"53_100" 0 2 1 901
"54_1" 4 2 1 836
"54_2" 2 4 1 1375
"54_3" 10 8 1 2093
"54_4" 2 10 1 1417
"54_5" 4 2 2 1414
"54_6" 2 2 2 1119
"54_7" 2 10 1 717
"54_8" 2 10 2 2153
"54_9" 2 5 1 975
"54_10" 2 4 1 1596
"54_11" 2 2 2 1198
"54_12" 8 5 2 1633
"54_13" 9 2 1 1455
"54_14" 2 10 2 5239
"54_15" 5 8 1 996
"54_16" 10 2 2 1157
"54_17" 10 2 1 1615
"54_18" 4 4 1 1018
"54_19" 10 2 1 2933
"54_20" 2 8 1 936
"54_21" 2 10 1 1094
"54_22" 0 8 2 2272
"54_23" 5 8 1 957
"54_24" 10 5 2 1236
"54_25" 4 10 2 1355
"54_26" 2 10 1 836
"54_27" 5 5 2 1116
"54_28" 5 2 1 2114
"54_29" 2 2 2 836
"54_30" 8 4 1 2433
"54_31" 2 2 2 1175
"54_32" 8 8 1 991
"54_33" 5 8 1 1853
"54_34" 8 2 2 1235
"54_35" 8 0 1 1096
"54_36" 2 2 1 795
"54_37" 5 10 1 539
"54_38" 4 2 2 1733
"54_39" 2 2 1 1973
"54_40" 9 10 1 836
"54_41" 0 8 1 1196
"54_42" 9 10 1 1116
"54_43" 2 10 1 1097
"54_44" 2 4 1 1117
"54_45" 10 9 2 1295
"54_46" 8 10 2 1036
"54_47" 8 8 1 3369
"54_48" 10 2 2 857
"54_49" 10 2 2 1017
"54_50" 10 5 2 837
"54_51" 4 8 2 917
"54_52" 5 8 1 659
"54_53" 4 8 2 1414
"54_54" 8 2 2 577
"54_55" 10 2 2 777
"54_56" 5 2 2 1874
"54_57" 10 2 2 817
"54_58" 4 5 2 1833
"54_59" 8 10 2 2170
"54_60" 8 8 1 1378
"54_61" 2 10 1 759
"54_62" 2 2 1 1833
"54_63" 4 10 1 1714
"54_64" 5 2 1 1356
"54_65" 2 6 1 1017
"54_66" 2 8 1 1256
"54_67" 4 2 1 936
"54_68" 2 2 2 1834
"54_69" 5 0 1 1196
"54_70" 2 2 1 919
"54_71" 2 2 2 817
"54_72" 10 8 2 2632
"54_73" 2 10 1 1295
"54_74" 8 2 1 1336
"54_75" 8 4 2 797
"54_76" 2 2 1 977
"54_77" 8 2 2 1077
"54_78" 0 5 2 1695
"54_79" 8 4 2 1455
"54_80" 10 10 1 1057
"54_81" 6 2 2 1397
"54_82" 4 10 1 756
"54_83" 4 2 1 976
"54_84" 2 2 2 757
"54_85" 6 2 2 976
"54_86" 2 2 1 1703
"54_87" 4 8 1 618
"54_88" 10 10 1 400
"54_89" 2 10 1 1084
"54_90" 0 4 1 2273
"54_91" 2 9 2 1394
"54_92" 5 8 2 2771
"54_93" 8 8 1 1495
"54_94" 10 10 1 1673
"54_95" 2 10 1 829
"54_96" 6 10 1 896
"54_97" 2 10 1 538
"54_98" 2 6 2 1255
"54_99" 4 6 1 743
"54_100" 2 10 1 917
"55_1" 10 7 2 1017
"55_2" 3 7 1 1198
"55_3" 4 0 2 3246
"55_4" 5 4 2 1340
"55_5" 8 7 1 7626
"55_6" 3 5 2 4322
"55_7" 3 3 2 2468
"55_8" 0 2 1 3703
"55_9" 4 7 1 1320
"55_10" 5 7 1 1610
"55_11" 4 5 1 1814
"55_12" 10 5 2 1852
"55_13" 8 7 2 3067
"55_14" 5 8 1 2031
"55_15" 7 5 2 1854
"55_16" 5 4 2 3464
"55_17" 0 4 1 2251
"55_18" 7 4 2 3449
"55_19" 7 7 1 1575
"55_20" 5 10 1 1476
"55_21" 6 10 1 3485
"55_22" 2 1 1 2213
"55_23" 6 5 2 2072
"55_24" 6 2 2 2529
"55_25" 5 4 1 2909
"55_26" 8 4 2 1573
"55_27" 5 1 2 2765
"55_28" 7 5 2 3464
"55_29" 5 6 1 1832
"55_30" 5 7 1 3985
"55_31" 6 10 1 2088
"55_32" 10 8 2 1572
"55_33" 8 6 1 2246
"55_34" 6 7 1 3805
"55_35" 5 7 1 8178
"55_36" 2 1 2 2612
"55_37" 4 1 2 2910
"55_38" 7 7 2 2227
"55_39" 5 8 1 1634
"55_40" 1 0 2 4742
"55_41" 2 2 1 1313
"55_42" 2 2 1 1651
"55_43" 8 9 2 4764
"55_44" 10 5 2 1395
"55_45" 5 7 1 1730
"55_46" 4 7 1 6250
"55_47" 5 6 1 7597
"55_48" 8 7 1 1250
"55_49" 0 2 1 6458
"55_50" 4 4 2 3484
"55_51" 4 7 1 1015
"55_52" 3 7 1 2075
"55_53" 8 5 2 1415
"55_54" 8 8 2 5636
"55_55" 7 10 1 1516
"55_56" 8 3 2 4323
"55_57" 5 8 1 1688
"55_58" 5 10 1 1352
"55_59" 4 2 2 2287
"55_60" 4 3 2 7732
"55_61" 5 6 2 4125
"55_62" 8 5 2 1634
"55_63" 0 2 2 8545
"55_64" 4 8 1 1176
"55_65" 5 4 1 5458
"55_66" 5 8 1 1593
"55_67" 6 3 2 1193
"55_68" 5 6 1 1075
"55_69" 4 2 1 4162
"55_70" 5 0 2 1690
"55_71" 10 7 2 1154
"55_72" 1 0 2 2172
"55_73" 4 8 1 954
"55_74" 4 6 1 1253
"55_75" 7 9 2 877
"55_76" 3 5 1 1253
"55_77" 0 4 1 2110
"55_78" 4 2 2 1871
"55_79" 6 4 2 1033
"55_80" 7 7 2 7145
"55_81" 2 2 1 5064
"55_82" 9 7 2 1828
"55_83" 6 7 2 2454
"55_84" 7 10 1 1133
"55_85" 7 6 2 3108
"55_86" 3 4 2 1452
"55_87" 5 4 1 1216
"55_88" 1 2 2 1618
"55_89" 3 5 1 1353
"55_90" 7 3 2 859
"55_91" 7 10 1 1511
"55_92" 5 4 2 1575
"55_93" 5 5 2 2366
"55_94" 6 3 2 1116
"55_95" 5 10 1 875
"55_96" 7 3 2 1373
"55_97" 7 3 2 1058
"55_98" 9 8 2 4545
"55_99" 0 2 1 1075
"55_100" 10 6 2 837
"56_1" 3 0 2 1913
"56_2" 2 1 1 2387
"56_3" 1 1 2 1196
"56_4" 2 1 1 3046
"56_5" 1 3 1 1315
"56_6" 0 0 1 1791
"56_7" 0 1 2 1099
"56_8" 4 4 1 518
"56_9" 3 2 2 923
"56_10" 0 2 1 1196
"56_11" 0 0 2 3062
"56_12" 3 1 1 2963
"56_13" 1 1 2 1610
"56_14" 2 3 2 2413
"56_15" 1 1 2 4469
"56_16" 1 0 2 1909
"56_17" 0 0 2 1474
"56_18" 3 1 2 1515
"56_19" 0 1 2 2213
"56_20" 0 2 1 4241
"56_21" 2 0 2 1556
"56_22" 0 0 2 1779
"56_23" 1 0 1 2109
"56_24" 0 4 1 1153
"56_25" 3 2 2 3132
"56_26" 0 5 1 777
"56_27" 1 1 2 893
"56_28" 0 4 1 1296
"56_29" 0 3 1 559
"56_30" 0 1 2 1194
"56_31" 3 2 2 1092
"56_32" 3 4 1 1907
"56_33" 3 1 2 4636
"56_34" 0 0 1 1159
"56_35" 2 2 1 617
"56_36" 3 4 1 698
"56_37" 1 5 1 2728
"56_38" 1 2 1 1698
"56_39" 3 4 1 916
"56_40" 1 1 2 1570
"56_41" 2 0 2 777
"56_42" 4 4 1 575
"56_43" 1 0 2 1254
"56_44" 4 3 2 718
"56_45" 4 2 1 3699
"56_46" 0 4 1 1786
"56_47" 0 3 1 1347
"56_48" 0 2 1 2188
"56_49" 0 1 1 937
"56_50" 1 2 1 2214
"56_51" 2 0 2 894
"56_52" 2 1 1 2086
"56_53" 1 0 2 830
"56_54" 2 2 2 2031
"56_55" 3 1 2 2151
"56_56" 2 1 2 1074
"56_57" 0 1 2 4422
"56_58" 2 4 1 1071
"56_59" 2 2 2 1191
"56_60" 3 4 2 1749
"56_61" 1 1 1 4784
"56_62" 1 0 1 738
"56_63" 2 0 2 1612
"56_64" 1 3 1 2887
"56_65" 2 4 1 1400
"56_66" 2 2 2 5000
"56_67" 2 2 1 2429
"56_68" 1 2 1 740
"56_69" 0 3 1 492
"56_70" 2 2 1 654
"56_71" 3 0 2 875
"56_72" 1 2 1 814
"56_73" 0 2 2 3229
"56_74" 4 1 2 1678
"56_75" 2 2 1 1788
"56_76" 0 3 2 1266
"56_77" 3 3 2 1434
"56_78" 2 0 2 1093
"56_79" 2 4 1 1220
"56_80" 4 2 2 617
"56_81" 0 1 1 2038
"56_82" 0 2 1 697
"56_83" 0 3 1 3286
"56_84" 0 4 1 1389
"56_85" 0 3 1 732
"56_86" 1 1 1 1312
"56_87" 2 3 2 3426
"56_88" 2 1 1 4332
"56_89" 0 1 2 843
"56_90" 3 1 2 1812
"56_91" 2 2 2 5037
"56_92" 0 1 1 1329
"56_93" 2 4 1 1186
"56_94" 0 2 2 1431
"56_95" 1 3 1 1648
"56_96" 4 1 2 870
"56_97" 2 0 1 2237
"56_98" 1 4 1 2578
"56_99" 1 1 2 5402
"56_100" 0 1 1 1174
